date_time_utc,time_stamp,group_id,member_id,humidity,temperature,pm1.0_atm,pm2.5_alt,pm10.0_atm
2024-04-07 14:00:00+00:00,1712498413,1872,173210,41.0,89.5,3.505,2.8,4.905
2024-04-07 14:02:00+00:00,1712498534,1872,173210,41.0,89.5,2.955,2.3,4.045
2024-04-07 14:04:00+00:00,1712498654,1872,173210,41.0,89.5,2.95,2.4,4.33
2024-04-07 14:06:00+00:00,1712498774,1872,173210,41.0,89.5,2.725,2.5,4.36
2024-04-07 14:08:00+00:00,1712498893,1872,173210,41.0,89.5,3.14,2.3,3.965
2024-04-07 14:10:00+00:00,1712499013,1872,173210,41.0,89.5,3.09,2.7,4.99
2024-04-07 14:12:00+00:00,1712499133,1872,173210,41.0,89.5,2.745,2.4,3.655
2024-04-07 14:14:00+00:00,1712499254,1872,173210,41.5,89.5,3.085,2.4,4.51
2024-04-07 14:16:00+00:00,1712499373,1872,173210,41.5,89.5,2.83,2.3,3.745
2024-04-07 14:18:00+00:00,1712499493,1872,173210,41.5,89.5,2.595,2.3,3.925
2024-04-07 14:20:00+00:00,1712499613,1872,173210,42.0,89.5,2.785,2.2,3.765
2024-04-07 14:22:00+00:00,1712499733,1872,173210,42.0,89.5,3.06,2.5,4.385
2024-04-07 14:24:00+00:00,1712499854,1872,173210,42.0,89.5,2.73,2.3,3.855
2024-04-07 14:26:00+00:00,1712499973,1872,173210,41.5,89.5,2.64,2.4,3.74
2024-04-07 14:28:00+00:00,1712500093,1872,173210,42.0,89.5,2.46,2.5,3.765
2024-04-07 14:30:00+00:00,1712500213,1872,173210,42.0,89.5,2.815,2.4,4.015
2024-04-07 14:32:00+00:00,1712500333,1872,173210,42.0,89.5,2.515,2.3,3.695
2024-04-07 14:34:00+00:00,1712500453,1872,173210,42.0,89.5,2.59,2.1,3.46
2024-04-07 14:36:00+00:00,1712500573,1872,173210,42.0,89.5,2.55,2.1,3.12
2024-04-07 14:38:00+00:00,1712500693,1872,173210,42.0,89.5,2.51,2.1,3.59
2024-04-07 14:40:00+00:00,1712500813,1872,173210,42.0,89.5,2.345,2.2,3.085
2024-04-07 14:42:00+00:00,1712500934,1872,173210,42.0,89.5,2.64,2.1,3.625
2024-04-07 14:44:00+00:00,1712501054,1872,173210,42.0,89.5,2.17,2.1,3.065
2024-04-07 14:46:00+00:00,1712501174,1872,173210,42.0,89.5,1.86,2.0,2.865
2024-04-07 14:48:00+00:00,1712501294,1872,173210,42.0,89.5,2.61,2.1,3.615
2024-04-07 14:50:00+00:00,1712501414,1872,173210,42.0,89.5,2.445,2.0,3.33
2024-04-07 14:52:00+00:00,1712501534,1872,173210,42.0,89.5,2.39,2.1,3.38
2024-04-07 14:54:00+00:00,1712501654,1872,173210,42.0,89.5,2.065,1.9,2.965
2024-04-07 14:56:00+00:00,1712501774,1872,173210,42.5,89.5,1.93,1.6,2.47
2024-04-07 14:58:00+00:00,1712501894,1872,173210,42.5,89.0,2.165,2.1,3.185
2024-04-07 15:00:00+00:00,1712502014,1872,173210,42.5,89.5,2.16,2.0,2.97
2024-04-07 15:02:00+00:00,1712502134,1872,173210,42.5,89.0,1.935,2.0,2.89
2024-04-07 15:04:00+00:00,1712502254,1872,173210,42.5,88.5,2.335,2.0,3.26
2024-04-07 15:06:00+00:00,1712502374,1872,173210,42.5,88.5,2.33,1.9,2.955
2024-04-07 15:08:00+00:00,1712502494,1872,173210,42.5,88.5,2.45,2.1,3.26
2024-04-07 15:10:00+00:00,1712502614,1872,173210,42.5,88.5,2.18,2.0,2.94
2024-04-07 15:12:00+00:00,1712502734,1872,173210,42.5,88.5,2.34,1.9,3.195
2024-04-07 15:14:00+00:00,1712502854,1872,173210,42.5,88.5,2.05,1.8,2.79
2024-04-07 15:16:00+00:00,1712502974,1872,173210,42.5,88.5,1.835,1.7,2.58
2024-04-07 15:18:00+00:00,1712503094,1872,173210,42.0,88.5,2.115,1.8,2.94
2024-04-07 15:20:00+00:00,1712503214,1872,173210,42.5,88.5,1.815,1.7,2.645
2024-04-07 15:22:00+00:00,1712503334,1872,173210,42.5,89.0,2.18,2.0,3.045
2024-04-07 15:24:00+00:00,1712503454,1872,173210,42.0,89.5,1.705,1.7,2.24
2024-04-07 15:26:00+00:00,1712503574,1872,173210,41.5,89.5,1.615,1.8,2.575
2024-04-07 15:28:00+00:00,1712503694,1872,173210,41.5,90.0,1.775,1.7,2.23
2024-04-07 15:30:00+00:00,1712503815,1872,173210,40.5,90.5,1.675,1.7,2.53
2024-04-07 15:32:00+00:00,1712503934,1872,173210,40.5,90.5,1.31,1.7,2.265
2024-04-07 15:34:00+00:00,1712504054,1872,173210,40.0,90.5,1.3,1.4,2.055
2024-04-07 15:36:00+00:00,1712504174,1872,173210,40.0,91.5,1.49,1.7,2.23
2024-04-07 15:38:00+00:00,1712504294,1872,173210,39.5,91.5,1.67,1.7,2.54
2024-04-07 15:40:00+00:00,1712504414,1872,173210,39.0,91.5,1.11,1.3,2.005
2024-04-07 15:42:00+00:00,1712504536,1872,173210,39.0,91.5,1.855,1.7,2.42
2024-04-07 15:44:00+00:00,1712504656,1872,173210,38.5,92.0,1.295,1.5,2.35
2024-04-07 15:46:00+00:00,1712504776,1872,173210,38.5,92.5,1.36,1.6,2.28
2024-04-07 15:48:00+00:00,1712504896,1872,173210,38.5,92.5,1.325,1.4,1.795
2024-04-07 15:50:00+00:00,1712505016,1872,173210,38.0,92.5,1.475,1.4,2.025
2024-04-07 15:52:00+00:00,1712505136,1872,173210,38.0,91.5,0.965,1.4,1.89
2024-04-07 15:54:00+00:00,1712505255,1872,173210,41.5,88.5,1.555,1.4,1.96
2024-04-07 15:56:00+00:00,1712505376,1872,173210,43.5,87.0,1.395,1.5,2.265
2024-04-07 15:58:00+00:00,1712505496,1872,173210,44.5,86.5,1.555,1.5,2.05
2024-04-07 16:00:00+00:00,1712505616,1872,173210,45.5,85.5,1.545,1.4,2.255
2024-04-07 16:02:00+00:00,1712505735,1872,173210,46.0,85.5,1.335,1.4,2.03
2024-04-07 16:04:00+00:00,1712505856,1872,173210,47.0,84.5,1.69,1.6,2.595
2024-04-07 16:06:00+00:00,1712505976,1872,173210,47.0,84.5,1.885,1.8,2.665
2024-04-07 16:08:00+00:00,1712506096,1872,173210,47.0,84.5,1.505,1.6,2.475
2024-04-07 16:10:00+00:00,1712506215,1872,173210,46.5,85.5,1.695,1.5,2.375
2024-04-07 16:12:00+00:00,1712506335,1872,173210,45.0,86.5,1.595,1.6,2.305
2024-04-07 16:14:00+00:00,1712506456,1872,173210,44.0,87.5,1.425,1.5,2.14
2024-04-07 16:16:00+00:00,1712506575,1872,173210,44.0,87.5,1.64,1.6,2.34
2024-04-07 16:18:00+00:00,1712506695,1872,173210,43.5,87.5,1.11,1.5,1.975
2024-04-07 16:20:00+00:00,1712506816,1872,173210,43.0,87.5,1.1,1.5,1.785
2024-04-07 16:22:00+00:00,1712506936,1872,173210,43.0,88.5,1.41,1.6,1.89
2024-04-07 16:24:00+00:00,1712507055,1872,173210,43.0,88.5,1.52,1.5,2.38
2024-04-07 16:26:00+00:00,1712507175,1872,173210,42.5,88.5,1.155,1.5,1.945
2024-04-07 16:28:00+00:00,1712507296,1872,173210,42.5,88.5,1.22,1.5,1.83
2024-04-07 16:30:00+00:00,1712507416,1872,173210,42.0,88.5,1.455,1.5,2.085
2024-04-07 16:32:00+00:00,1712507535,1872,173210,42.0,88.5,1.575,1.6,2.095
2024-04-07 16:34:00+00:00,1712507656,1872,173210,42.0,88.5,1.75,1.6,2.215
2024-04-07 16:36:00+00:00,1712507776,1872,173210,42.0,88.5,1.525,1.4,2.01
2024-04-07 16:38:00+00:00,1712507896,1872,173210,42.0,88.5,1.43,1.6,2.07
2024-04-07 16:40:00+00:00,1712508016,1872,173210,42.0,88.5,1.44,1.6,2.295
2024-04-07 16:42:00+00:00,1712508136,1872,173210,42.0,88.5,1.695,1.6,2.445
2024-04-07 16:44:00+00:00,1712508257,1872,173210,42.0,88.5,1.58,1.6,2.48
2024-04-07 16:46:00+00:00,1712508376,1872,173210,42.0,88.5,1.43,1.5,1.995
2024-04-07 16:48:00+00:00,1712508496,1872,173210,41.5,88.5,1.19,1.4,1.82
2024-04-07 16:50:00+00:00,1712508616,1872,173210,41.0,89.5,1.235,1.5,1.855
2024-04-07 16:52:00+00:00,1712508737,1872,173210,41.0,89.5,0.975,1.3,1.595
2024-04-07 16:54:00+00:00,1712508856,1872,173210,40.5,90.5,1.385,1.6,2.065
2024-04-07 16:56:00+00:00,1712508976,1872,173210,40.0,90.5,1.305,1.5,1.97
2024-04-07 16:58:00+00:00,1712509096,1872,173210,39.5,90.5,1.385,1.5,1.87
2024-04-07 17:00:00+00:00,1712509216,1872,173210,39.5,90.5,1.21,1.4,1.855
2024-04-07 17:02:00+00:00,1712509336,1872,173210,39.0,91.5,1.18,1.4,1.76
2024-04-07 17:04:00+00:00,1712509456,1872,173210,38.5,91.5,0.88,1.5,1.75
2024-04-07 17:06:00+00:00,1712509576,1872,173210,38.5,91.5,1.05,1.4,1.64
2024-04-07 17:08:00+00:00,1712509696,1872,173210,38.0,91.5,0.79,1.2,1.36
2024-04-07 17:10:00+00:00,1712509816,1872,173210,38.0,92.0,0.96,1.2,1.635
2024-04-07 17:12:00+00:00,1712509936,1872,173210,37.5,92.5,1.13,1.3,1.725
2024-04-07 17:14:00+00:00,1712510056,1872,173210,37.5,92.0,0.99,1.2,1.63
2024-04-07 17:16:00+00:00,1712510177,1872,173210,38.0,91.5,1.04,1.1,1.64
2024-04-07 17:18:00+00:00,1712510296,1872,173210,40.0,88.5,1.225,1.3,1.825
2024-04-07 17:20:00+00:00,1712510416,1872,173210,43.0,86.5,0.96,1.3,1.435
2024-04-07 17:22:00+00:00,1712510536,1872,173210,44.0,85.5,1.37,1.5,2.215
2024-04-07 17:24:00+00:00,1712510656,1872,173210,45.0,85.5,1.365,1.3,1.75
2024-04-07 17:26:00+00:00,1712510776,1872,173210,46.0,84.5,1.34,1.4,1.9
2024-04-07 17:28:00+00:00,1712510896,1872,173210,46.0,84.5,1.36,1.2,1.615
2024-04-07 17:30:00+00:00,1712511016,1872,173210,47.0,29.2,6.5,1.4,5.8
2024-04-07 17:32:00+00:00,1712511136,1872,173210,47.0,28.6,6.5,1.3,5.7
2024-04-07 17:34:00+00:00,1712511256,1872,173210,47.0,28.6,6.3,1.3,5.6
