date_time_utc,time_stamp,group_id,member_id,humidity,temperature,pm1.0_atm,pm2.5_alt,pm10.0_atm
2024-04-14 05:00:00+00:00,1713070897,1872,173210,48.0,30.3,5.68,4.0,7.01
2024-04-14 05:02:00+00:00,1713071017,1872,173210,48.0,30.3,5.735,4.1,7.2
2024-04-14 05:04:00+00:00,1713071137,1872,173210,48.0,30.3,5.605,4.0,6.875
2024-04-14 05:06:00+00:00,1713071257,1872,173210,48.0,30.3,5.58,4.0,7.625
2024-04-14 05:08:00+00:00,1713071377,1872,173210,48.0,30.3,5.84,4.0,7.675
2024-04-14 05:10:00+00:00,1713071497,1872,173210,48.0,30.3,5.31,3.7,6.45
2024-04-14 05:12:00+00:00,1713071617,1872,173210,48.0,30.3,5.22,3.8,6.8
2024-04-14 05:14:00+00:00,1713071737,1872,173210,48.0,30.3,5.875,4.2,7.82
2024-04-14 05:16:00+00:00,1713071857,1872,173210,48.0,30.3,5.0,3.7,6.48
2024-04-14 05:18:00+00:00,1713071977,1872,173210,48.0,30.3,5.905,4.2,7.605
2024-04-14 05:20:00+00:00,1713072097,1872,173210,48.0,30.3,5.975,4.2,7.515
2024-04-14 05:22:00+00:00,1713072217,1872,173210,48.0,30.3,5.21,3.7,6.6
2024-04-14 05:24:00+00:00,1713072337,1872,173210,48.0,30.3,5.56,3.8,7.31
2024-04-14 05:26:00+00:00,1713072457,1872,173210,48.0,30.3,5.23,3.8,7.23
2024-04-14 05:28:00+00:00,1713072577,1872,173210,48.0,30.3,5.335,3.6,6.6
2024-04-14 05:30:00+00:00,1713072697,1872,173210,48.0,30.3,5.71,4.0,7.645
2024-04-14 05:32:00+00:00,1713072817,1872,173210,48.0,30.3,5.07,3.6,6.425
2024-04-14 05:34:00+00:00,1713072937,1872,173210,48.0,30.3,5.635,4.1,7.11
2024-04-14 05:36:00+00:00,1713073057,1872,173210,48.0,30.3,5.635,4.0,7.08
2024-04-14 05:38:00+00:00,1713073177,1872,173210,48.0,30.3,5.865,4.1,7.47
2024-04-14 05:40:00+00:00,1713073297,1872,173210,47.0,30.3,5.175,3.7,7.06
2024-04-14 05:42:00+00:00,1713073417,1872,173210,47.5,30.3,5.345,3.6,6.82
2024-04-14 05:44:00+00:00,1713073537,1872,173210,47.0,30.6,5.67,4.1,7.57
2024-04-14 05:46:00+00:00,1713073657,1872,173210,47.0,30.6,5.54,4.0,7.1
2024-04-14 05:48:00+00:00,1713073777,1872,173210,47.0,30.3,5.955,4.1,7.71
2024-04-14 05:50:00+00:00,1713073897,1872,173210,47.0,30.3,5.505,3.9,7.225
2024-04-14 05:52:00+00:00,1713074017,1872,173210,47.0,30.6,5.375,4.0,6.895
2024-04-14 05:54:00+00:00,1713074138,1872,173210,47.0,30.6,5.415,3.9,6.73
2024-04-14 05:56:00+00:00,1713074258,1872,173210,47.0,30.8,5.485,3.8,6.75
2024-04-14 05:58:00+00:00,1713074378,1872,173210,46.5,30.8,5.575,3.8,7.11
2024-04-14 06:00:00+00:00,1713074498,1872,173210,46.0,30.8,5.7,4.1,6.905
2024-04-14 06:02:00+00:00,1713074618,1872,173210,46.0,30.8,5.65,4.0,6.895
2024-04-14 06:04:00+00:00,1713074738,1872,173210,46.0,30.8,5.505,4.0,7.065
2024-04-14 06:06:00+00:00,1713074858,1872,173210,46.0,30.8,5.11,3.9,6.51
2024-04-14 06:08:00+00:00,1713074978,1872,173210,46.0,30.8,5.435,3.6,6.805
2024-04-14 06:10:00+00:00,1713075098,1872,173210,46.0,30.8,5.11,3.6,6.345
2024-04-14 06:12:00+00:00,1713075218,1872,173210,46.5,30.8,5.65,3.9,7.16
2024-04-14 06:14:00+00:00,1713075338,1872,173210,46.5,30.8,5.485,4.0,7.135
2024-04-14 06:16:00+00:00,1713075458,1872,173210,46.0,30.8,5.095,3.8,6.42
2024-04-14 06:18:00+00:00,1713075578,1872,173210,45.5,31.4,4.51,3.5,5.705
2024-04-14 06:20:00+00:00,1713075698,1872,173210,45.0,31.4,4.825,3.7,6.035
2024-04-14 06:22:00+00:00,1713075818,1872,173210,44.5,31.4,4.82,3.4,6.005
2024-04-14 06:24:00+00:00,1713075938,1872,173210,44.0,31.7,4.605,3.4,6.15
2024-04-14 06:26:00+00:00,1713076058,1872,173210,44.0,31.9,4.17,3.4,5.395
2024-04-14 06:28:00+00:00,1713076178,1872,173210,43.0,31.9,4.79,3.8,6.47
2024-04-14 06:30:00+00:00,1713076299,1872,173210,43.0,31.9,4.615,3.3,6.2
2024-04-14 06:32:00+00:00,1713076418,1872,173210,43.0,32.5,4.81,3.5,6.06
2024-04-14 06:34:00+00:00,1713076538,1872,173210,42.5,32.5,4.46,3.5,5.71
2024-04-14 06:36:00+00:00,1713076658,1872,173210,42.0,32.5,4.005,3.1,5.17
2024-04-14 06:38:00+00:00,1713076778,1872,173210,42.0,33.1,3.625,2.9,4.845
2024-04-14 06:40:00+00:00,1713076898,1872,173210,42.0,33.1,4.14,3.2,5.65
2024-04-14 06:42:00+00:00,1713077018,1872,173210,41.5,33.1,3.77,3.1,4.93
2024-04-14 06:44:00+00:00,1713077138,1872,173210,41.5,33.6,3.585,2.8,4.865
2024-04-14 06:46:00+00:00,1713077258,1872,173210,41.0,33.6,3.4,2.9,4.77
2024-04-14 06:48:00+00:00,1713077378,1872,173210,41.0,33.6,3.215,2.7,4.305
2024-04-14 06:50:00+00:00,1713077498,1872,173210,41.0,33.6,3.745,3.0,5.325
2024-04-14 06:52:00+00:00,1713077618,1872,173210,40.5,34.2,3.63,2.9,4.785
2024-04-14 06:54:00+00:00,1713077740,1872,173210,40.5,34.2,3.49,2.9,4.595
2024-04-14 06:56:00+00:00,1713077858,1872,173210,40.5,34.2,3.285,2.8,4.475
2024-04-14 06:58:00+00:00,1713077979,1872,173210,40.0,34.2,3.425,2.6,4.525
2024-04-14 07:00:00+00:00,1713078098,1872,173210,40.0,34.4,3.07,2.6,3.92
2024-04-14 07:02:00+00:00,1713078218,1872,173210,40.0,34.7,2.875,2.5,3.925
2024-04-14 07:04:00+00:00,1713078338,1872,173210,40.0,34.7,2.955,2.6,4.085
2024-04-14 07:06:00+00:00,1713078459,1872,173210,40.0,34.7,3.33,2.6,4.52
2024-04-14 07:08:00+00:00,1713078579,1872,173210,40.0,34.7,3.025,2.7,4.255
2024-04-14 07:10:00+00:00,1713078698,1872,173210,40.0,34.7,3.025,2.5,4.115
2024-04-14 07:12:00+00:00,1713078818,1872,173210,39.5,34.7,3.265,2.7,4.215
2024-04-14 07:14:00+00:00,1713078938,1872,173210,39.5,34.7,2.855,2.6,3.875
2024-04-14 07:16:00+00:00,1713079058,1872,173210,39.5,35.3,3.01,2.3,3.625
2024-04-14 07:18:00+00:00,1713079178,1872,173210,39.5,35.3,3.31,2.7,4.305
2024-04-14 07:20:00+00:00,1713079298,1872,173210,39.5,35.3,2.955,2.3,3.965
2024-04-14 07:22:00+00:00,1713079418,1872,173210,39.0,35.3,3.08,2.3,3.7
2024-04-14 07:24:00+00:00,1713079539,1872,173210,39.0,35.3,2.965,2.3,3.65
2024-04-14 07:26:00+00:00,1713079658,1872,173210,39.5,35.3,3.055,2.2,3.57
2024-04-14 07:28:00+00:00,1713079779,1872,173210,39.0,35.3,2.83,2.3,3.71
2024-04-14 07:30:00+00:00,1713079899,1872,173210,39.0,35.3,2.91,2.5,4.085
2024-04-14 07:32:00+00:00,1713080018,1872,173210,39.0,35.8,2.59,2.3,3.57
2024-04-14 07:34:00+00:00,1713080138,1872,173210,39.0,35.8,2.245,2.3,3.575
2024-04-14 07:36:00+00:00,1713080258,1872,173210,39.0,35.8,2.87,2.2,3.71
2024-04-14 07:38:00+00:00,1713080378,1872,173210,39.0,35.8,2.66,2.2,3.49
2024-04-14 07:40:00+00:00,1713080498,1872,173210,39.0,35.8,2.74,2.2,3.56
2024-04-14 07:42:00+00:00,1713080619,1872,173210,39.0,35.8,2.66,2.2,3.115
2024-04-14 07:44:00+00:00,1713080738,1872,173210,38.5,35.8,2.8,2.2,3.59
2024-04-14 07:46:00+00:00,1713080859,1872,173210,38.5,35.8,2.805,2.2,3.52
2024-04-14 07:48:00+00:00,1713080978,1872,173210,38.5,35.8,2.45,2.2,3.43
2024-04-14 07:50:00+00:00,1713081099,1872,173210,38.5,35.8,2.8,2.3,3.47
2024-04-14 07:52:00+00:00,1713081219,1872,173210,38.5,35.8,2.825,2.1,3.66
2024-04-14 07:54:00+00:00,1713081339,1872,173210,38.5,36.1,2.975,2.3,3.985
2024-04-14 07:56:00+00:00,1713081459,1872,173210,38.5,36.4,2.53,2.2,3.34
2024-04-14 07:58:00+00:00,1713081579,1872,173210,38.5,36.4,2.555,2.1,3.485
2024-04-14 08:00:00+00:00,1713081699,1872,173210,38.5,36.4,2.42,2.1,3.465
2024-04-14 08:02:00+00:00,1713081819,1872,173210,38.5,36.4,2.51,2.1,3.395
2024-04-14 08:04:00+00:00,1713081939,1872,173210,38.5,36.4,2.655,2.4,3.455
2024-04-14 08:06:00+00:00,1713082059,1872,173210,38.0,36.4,2.485,2.0,3.0
2024-04-14 08:08:00+00:00,1713082179,1872,173210,38.0,36.4,2.755,2.0,3.21
2024-04-14 08:10:00+00:00,1713082299,1872,173210,38.0,36.4,2.775,2.2,3.36
2024-04-14 08:12:00+00:00,1713082419,1872,173210,38.0,36.4,2.54,2.2,3.135
2024-04-14 08:14:00+00:00,1713082540,1872,173210,38.0,36.4,2.58,2.2,3.605
2024-04-14 08:16:00+00:00,1713082659,1872,173210,38.0,36.4,2.475,2.1,3.3
2024-04-14 08:18:00+00:00,1713082779,1872,173210,38.0,36.4,2.22,2.1,3.05
2024-04-14 08:20:00+00:00,1713082899,1872,173210,38.0,36.4,2.365,2.2,3.115
2024-04-14 08:22:00+00:00,1713083019,1872,173210,38.0,36.4,2.585,1.9,3.055
2024-04-14 08:24:00+00:00,1713083139,1872,173210,38.0,36.4,2.25,2.1,3.19
2024-04-14 08:26:00+00:00,1713083259,1872,173210,38.0,36.7,2.155,2.1,3.075
2024-04-14 08:28:00+00:00,1713083380,1872,173210,38.0,36.7,2.775,2.2,3.545
2024-04-14 08:30:00+00:00,1713083499,1872,173210,38.0,36.9,2.29,2.0,3.23
2024-04-14 08:32:00+00:00,1713083620,1872,173210,38.0,36.9,2.455,2.0,3.33
2024-04-14 08:34:00+00:00,1713083739,1872,173210,38.0,36.9,2.345,2.0,3.05
2024-04-14 08:36:00+00:00,1713083859,1872,173210,38.0,36.9,2.52,2.1,3.125
2024-04-14 08:38:00+00:00,1713083979,1872,173210,38.0,36.9,2.48,2.2,3.115
2024-04-14 08:40:00+00:00,1713084099,1872,173210,38.0,36.9,2.245,2.1,3.11
2024-04-14 08:42:00+00:00,1713084219,1872,173210,38.0,36.9,2.32,2.1,3.11
2024-04-14 08:44:00+00:00,1713084340,1872,173210,38.0,36.9,2.53,2.0,3.315
2024-04-14 08:46:00+00:00,1713084462,1872,173210,38.0,36.9,2.435,2.0,3.37
2024-04-14 08:48:00+00:00,1713084580,1872,173210,38.5,36.9,2.285,2.1,3.235
2024-04-14 08:50:00+00:00,1713084699,1872,173210,38.0,36.9,2.23,2.1,3.06
2024-04-14 08:52:00+00:00,1713084819,1872,173210,38.0,36.9,2.48,2.0,3.075
2024-04-14 08:54:00+00:00,1713084940,1872,173210,38.0,36.9,2.845,2.0,3.335
2024-04-14 08:56:00+00:00,1713085061,1872,173210,37.5,36.9,2.27,2.1,3.11
2024-04-14 08:58:00+00:00,1713085182,1872,173210,38.0,36.9,2.26,2.0,3.105
2024-04-14 09:00:00+00:00,1713085300,1872,173210,38.0,36.9,2.155,2.1,3.095
2024-04-14 09:02:00+00:00,1713085420,1872,173210,38.0,36.9,2.095,2.0,3.285
2024-04-14 09:04:00+00:00,1713085540,1872,173210,38.0,36.9,1.98,2.0,2.85
2024-04-14 09:06:00+00:00,1713085660,1872,173210,38.0,36.9,2.345,2.0,3.055
2024-04-14 09:08:00+00:00,1713085780,1872,173210,38.0,36.9,2.44,1.9,3.065
2024-04-14 09:10:00+00:00,1713085900,1872,173210,38.0,36.9,2.465,2.0,3.355
2024-04-14 09:12:00+00:00,1713086020,1872,173210,38.0,36.9,2.295,2.1,3.425
2024-04-14 09:14:00+00:00,1713086140,1872,173210,38.0,36.9,2.41,2.1,3.39
2024-04-14 09:16:00+00:00,1713086260,1872,173210,38.0,36.9,2.475,2.1,3.045
2024-04-14 09:18:00+00:00,1713086380,1872,173210,38.0,36.9,2.27,2.0,3.24
2024-04-14 09:20:00+00:00,1713086501,1872,173210,38.0,36.9,2.375,2.0,2.87
2024-04-14 09:22:00+00:00,1713086620,1872,173210,38.0,36.9,2.095,1.9,2.77
2024-04-14 09:24:00+00:00,1713086740,1872,173210,38.0,36.9,2.26,2.1,2.86
2024-04-14 09:26:00+00:00,1713086860,1872,173210,38.0,36.9,2.155,2.1,2.74
2024-04-14 09:28:00+00:00,1713086980,1872,173210,38.0,36.9,2.775,2.3,3.86
2024-04-14 09:30:00+00:00,1713087100,1872,173210,38.0,36.9,2.46,2.0,3.17
2024-04-14 09:32:00+00:00,1713087221,1872,173210,38.0,37.2,2.215,2.0,3.035
2024-04-14 09:34:00+00:00,1713087341,1872,173210,38.0,37.2,2.005,2.1,3.07
2024-04-14 09:36:00+00:00,1713087460,1872,173210,38.0,37.5,2.31,1.9,3.15
2024-04-14 09:38:00+00:00,1713087580,1872,173210,38.0,37.5,2.26,1.9,2.97
2024-04-14 09:40:00+00:00,1713087700,1872,173210,38.5,35.6,2.935,2.2,3.835
2024-04-14 09:42:00+00:00,1713087820,1872,173210,39.5,34.2,3.62,2.8,4.58
2024-04-14 09:44:00+00:00,1713087940,1872,173210,39.5,33.6,4.42,3.2,5.675
2024-04-14 09:46:00+00:00,1713088060,1872,173210,40.5,33.1,4.915,3.4,6.465
2024-04-14 09:48:00+00:00,1713088180,1872,173210,40.5,32.5,4.56,3.4,6.3
2024-04-14 09:50:00+00:00,1713088300,1872,173210,41.5,32.2,4.745,3.7,6.39
2024-04-14 09:52:00+00:00,1713088420,1872,173210,42.5,31.9,5.02,3.5,6.255
2024-04-14 09:54:00+00:00,1713088541,1872,173210,43.0,31.7,4.825,3.5,6.395
2024-04-14 09:56:00+00:00,1713088661,1872,173210,43.5,31.4,4.92,3.7,6.74
2024-04-14 09:58:00+00:00,1713088781,1872,173210,44.0,31.1,4.965,3.6,7.085
2024-04-14 10:00:00+00:00,1713088901,1872,173210,44.5,30.8,5.815,4.1,7.7
2024-04-14 10:02:00+00:00,1713089021,1872,173210,45.0,30.8,5.215,3.7,6.885
