date_time_utc,time_stamp,group_id,member_id,humidity,temperature,pm1.0_atm,pm2.5_alt,pm10.0_atm
2024-04-14 05:00:00+00:00,1713070915,1872,173211,50.0,30.0,8.305,8.3,10.03
2024-04-14 05:02:00+00:00,1713071036,1872,173211,50.0,30.0,7.915,7.5,9.38
2024-04-14 05:04:00+00:00,1713071156,1872,173211,50.0,30.0,8.045,7.6,9.725
2024-04-14 05:06:00+00:00,1713071276,1872,173211,50.0,30.0,7.76,6.9,9.38
2024-04-14 05:08:00+00:00,1713071396,1872,173211,50.0,30.0,7.815,6.8,9.45
2024-04-14 05:10:00+00:00,1713071516,1872,173211,50.0,30.0,7.24,6.3,9.37
2024-04-14 05:12:00+00:00,1713071636,1872,173211,50.0,30.0,7.18,5.6,8.625
2024-04-14 05:14:00+00:00,1713071756,1872,173211,50.0,30.0,6.33,5.6,7.525
2024-04-14 05:16:00+00:00,1713071876,1872,173211,50.0,30.0,6.95,5.9,8.94
2024-04-14 05:18:00+00:00,1713071996,1872,173211,50.0,30.0,7.08,5.9,9.055
2024-04-14 05:20:00+00:00,1713072116,1872,173211,50.0,30.0,6.595,5.4,8.115
2024-04-14 05:22:00+00:00,1713072236,1872,173211,50.0,30.3,6.985,6.0,8.635
2024-04-14 05:24:00+00:00,1713072356,1872,173211,50.0,30.3,6.96,6.1,8.715
2024-04-14 05:26:00+00:00,1713072476,1872,173211,50.0,30.3,6.865,6.0,8.405
2024-04-14 05:28:00+00:00,1713072596,1872,173211,50.0,30.3,6.465,5.0,7.995
2024-04-14 05:30:00+00:00,1713072716,1872,173211,50.0,30.3,6.46,5.1,8.15
2024-04-14 05:32:00+00:00,1713072836,1872,173211,50.0,30.3,6.305,4.8,7.7
2024-04-14 05:34:00+00:00,1713072956,1872,173211,50.0,30.3,6.38,5.2,7.935
2024-04-14 05:36:00+00:00,1713073076,1872,173211,50.0,30.3,6.07,4.8,7.42
2024-04-14 05:38:00+00:00,1713073196,1872,173211,49.5,30.3,6.11,4.5,7.545
2024-04-14 05:40:00+00:00,1713073316,1872,173211,49.5,30.3,6.015,4.7,7.74
2024-04-14 05:42:00+00:00,1713073436,1872,173211,49.5,30.3,6.225,4.8,7.535
2024-04-14 05:44:00+00:00,1713073556,1872,173211,49.5,30.3,6.2,4.6,7.61
2024-04-14 05:46:00+00:00,1713073676,1872,173211,49.0,30.3,6.465,4.7,7.725
2024-04-14 05:48:00+00:00,1713073796,1872,173211,49.0,30.3,6.19,4.4,7.745
2024-04-14 05:50:00+00:00,1713073916,1872,173211,49.0,30.3,6.595,5.0,8.065
2024-04-14 05:52:00+00:00,1713074036,1872,173211,49.0,30.3,6.18,4.8,8.31
2024-04-14 05:54:00+00:00,1713074156,1872,173211,49.0,30.3,6.695,4.9,7.925
2024-04-14 05:56:00+00:00,1713074276,1872,173211,48.5,30.3,6.565,5.0,9.09
2024-04-14 05:58:00+00:00,1713074396,1872,173211,48.5,30.3,6.72,5.0,8.67
2024-04-14 06:00:00+00:00,1713074516,1872,173211,48.5,30.3,6.415,4.9,7.77
2024-04-14 06:02:00+00:00,1713074636,1872,173211,48.5,30.3,6.17,4.8,7.51
2024-04-14 06:04:00+00:00,1713074757,1872,173211,48.5,30.3,6.33,5.1,8.085
2024-04-14 06:06:00+00:00,1713074876,1872,173211,48.5,30.3,5.37,4.7,6.715
2024-04-14 06:08:00+00:00,1713074996,1872,173211,48.5,30.3,6.355,4.6,7.495
2024-04-14 06:10:00+00:00,1713075116,1872,173211,48.5,30.6,6.375,4.8,7.89
2024-04-14 06:12:00+00:00,1713075236,1872,173211,48.5,30.3,6.01,4.7,7.655
2024-04-14 06:14:00+00:00,1713075356,1872,173211,48.5,30.6,5.49,4.4,7.535
2024-04-14 06:16:00+00:00,1713075476,1872,173211,48.0,30.8,5.395,4.2,6.585
2024-04-14 06:18:00+00:00,1713075596,1872,173211,47.5,31.1,5.83,4.2,7.09
2024-04-14 06:20:00+00:00,1713075716,1872,173211,47.0,31.1,4.985,4.0,6.62
2024-04-14 06:22:00+00:00,1713075837,1872,173211,46.5,31.4,5.075,3.9,6.69
2024-04-14 06:24:00+00:00,1713075956,1872,173211,46.5,31.4,5.12,3.8,6.725
2024-04-14 06:26:00+00:00,1713076076,1872,173211,45.5,31.7,5.52,3.8,6.69
2024-04-14 06:28:00+00:00,1713076196,1872,173211,45.5,31.7,4.615,3.6,5.825
2024-04-14 06:30:00+00:00,1713076317,1872,173211,45.5,31.9,5.14,3.8,6.405
2024-04-14 06:32:00+00:00,1713076436,1872,173211,44.5,31.9,4.68,3.8,6.4
2024-04-14 06:34:00+00:00,1713076557,1872,173211,44.5,32.2,4.68,3.6,5.73
2024-04-14 06:36:00+00:00,1713076676,1872,173211,44.5,32.5,4.73,3.4,5.825
2024-04-14 06:38:00+00:00,1713076797,1872,173211,44.0,32.8,4.195,3.6,6.165
2024-04-14 06:40:00+00:00,1713076916,1872,173211,43.5,32.8,4.25,3.4,5.76
2024-04-14 06:42:00+00:00,1713077036,1872,173211,43.5,33.1,3.9,3.2,4.985
2024-04-14 06:44:00+00:00,1713077156,1872,173211,43.5,33.1,6.465,6.3,7.91
2024-04-14 06:46:00+00:00,1713077276,1872,173211,43.5,33.3,4.685,5.0,5.81
2024-04-14 06:48:00+00:00,1713077396,1872,173211,43.5,33.3,6.435,6.3,7.455
2024-04-14 06:50:00+00:00,1713077516,1872,173211,43.0,33.6,5.12,5.0,6.135
2024-04-14 06:52:00+00:00,1713077636,1872,173211,42.5,33.6,4.74,4.6,6.025
2024-04-14 06:54:00+00:00,1713077756,1872,173211,42.5,33.9,4.405,5.1,5.67
2024-04-14 06:56:00+00:00,1713077876,1872,173211,42.5,33.9,3.675,3.4,4.565
2024-04-14 06:58:00+00:00,1713077996,1872,173211,42.5,33.9,3.695,3.3,4.795
2024-04-14 07:00:00+00:00,1713078116,1872,173211,42.5,34.2,3.13,2.8,4.15
2024-04-14 07:02:00+00:00,1713078237,1872,173211,42.5,34.2,3.12,3.0,4.11
2024-04-14 07:04:00+00:00,1713078357,1872,173211,42.5,34.2,3.435,2.9,4.385
2024-04-14 07:06:00+00:00,1713078477,1872,173211,42.0,34.2,3.07,3.1,4.415
2024-04-14 07:08:00+00:00,1713078597,1872,173211,42.0,34.4,3.11,2.9,4.365
2024-04-14 07:10:00+00:00,1713078717,1872,173211,42.0,34.4,3.2,2.9,4.065
2024-04-14 07:12:00+00:00,1713078837,1872,173211,41.5,34.7,2.995,2.9,4.14
2024-04-14 07:14:00+00:00,1713078957,1872,173211,41.5,34.7,2.6,2.6,3.45
2024-04-14 07:16:00+00:00,1713079077,1872,173211,41.5,34.7,3.125,2.8,3.91
2024-04-14 07:18:00+00:00,1713079198,1872,173211,41.5,34.7,3.03,2.8,3.92
2024-04-14 07:20:00+00:00,1713079317,1872,173211,41.5,34.7,3.115,2.8,4.15
2024-04-14 07:22:00+00:00,1713079437,1872,173211,41.5,34.7,2.8,2.8,3.955
2024-04-14 07:24:00+00:00,1713079557,1872,173211,41.5,35.0,2.815,2.7,3.65
2024-04-14 07:26:00+00:00,1713079677,1872,173211,41.5,35.0,2.81,2.9,3.85
2024-04-14 07:28:00+00:00,1713079797,1872,173211,41.5,35.0,2.73,2.5,3.63
2024-04-14 07:30:00+00:00,1713079917,1872,173211,41.5,35.3,2.84,2.8,3.67
2024-04-14 07:32:00+00:00,1713080037,1872,173211,41.0,35.3,2.835,2.7,3.52
2024-04-14 07:34:00+00:00,1713080157,1872,173211,41.0,35.3,2.835,2.6,3.9
2024-04-14 07:36:00+00:00,1713080277,1872,173211,41.0,35.3,2.64,2.5,3.54
2024-04-14 07:38:00+00:00,1713080397,1872,173211,41.0,35.3,2.77,2.8,3.98
2024-04-14 07:40:00+00:00,1713080517,1872,173211,41.0,35.3,2.76,2.6,3.41
2024-04-14 07:42:00+00:00,1713080637,1872,173211,41.0,35.3,2.705,2.6,3.61
2024-04-14 07:44:00+00:00,1713080757,1872,173211,41.0,35.6,2.9,2.6,3.87
2024-04-14 07:46:00+00:00,1713080877,1872,173211,41.0,35.6,2.81,2.6,4.0
2024-04-14 07:48:00+00:00,1713080997,1872,173211,40.5,35.6,2.575,2.4,3.265
2024-04-14 07:50:00+00:00,1713081117,1872,173211,40.5,35.6,2.41,2.4,3.24
2024-04-14 07:52:00+00:00,1713081237,1872,173211,40.5,35.6,2.565,2.6,3.86
2024-04-14 07:54:00+00:00,1713081357,1872,173211,40.5,35.8,2.7,2.5,3.795
2024-04-14 07:56:00+00:00,1713081477,1872,173211,40.5,35.8,2.285,2.4,2.87
2024-04-14 07:58:00+00:00,1713081597,1872,173211,40.5,35.8,2.455,2.4,3.215
2024-04-14 08:00:00+00:00,1713081717,1872,173211,40.5,35.8,2.645,2.4,3.53
2024-04-14 08:02:00+00:00,1713081838,1872,173211,40.5,35.8,2.5,2.6,3.76
2024-04-14 08:04:00+00:00,1713081958,1872,173211,40.5,35.8,2.89,2.6,3.765
2024-04-14 08:06:00+00:00,1713082078,1872,173211,40.5,35.8,2.575,2.5,3.37
2024-04-14 08:08:00+00:00,1713082198,1872,173211,40.5,35.8,2.87,2.6,3.605
2024-04-14 08:10:00+00:00,1713082318,1872,173211,40.5,35.8,2.525,2.3,3.065
2024-04-14 08:12:00+00:00,1713082438,1872,173211,40.5,35.8,2.165,2.5,3.02
2024-04-14 08:14:00+00:00,1713082558,1872,173211,40.5,35.8,2.53,2.5,3.33
2024-04-14 08:16:00+00:00,1713082678,1872,173211,40.5,35.8,2.705,2.5,3.485
2024-04-14 08:18:00+00:00,1713082798,1872,173211,40.5,36.1,2.49,2.6,3.425
2024-04-14 08:20:00+00:00,1713082918,1872,173211,40.5,36.1,2.18,2.3,2.915
2024-04-14 08:22:00+00:00,1713083038,1872,173211,40.5,36.1,2.1,2.4,3.06
2024-04-14 08:24:00+00:00,1713083159,1872,173211,40.5,36.1,2.415,2.4,3.08
2024-04-14 08:26:00+00:00,1713083278,1872,173211,40.5,36.1,2.535,2.5,3.355
2024-04-14 08:28:00+00:00,1713083398,1872,173211,40.5,36.1,2.305,2.3,3.115
2024-04-14 08:30:00+00:00,1713083518,1872,173211,40.5,36.4,2.395,2.3,3.22
2024-04-14 08:32:00+00:00,1713083638,1872,173211,40.5,36.4,2.455,2.3,3.09
2024-04-14 08:34:00+00:00,1713083758,1872,173211,40.5,36.4,2.6,2.4,3.48
2024-04-14 08:36:00+00:00,1713083878,1872,173211,40.5,36.4,2.615,2.4,3.32
2024-04-14 08:38:00+00:00,1713083998,1872,173211,40.5,36.4,2.285,2.1,2.885
2024-04-14 08:40:00+00:00,1713084118,1872,173211,40.5,36.4,2.23,2.4,3.04
2024-04-14 08:42:00+00:00,1713084238,1872,173211,40.5,36.4,2.45,2.5,3.1
2024-04-14 08:44:00+00:00,1713084359,1872,173211,40.0,36.4,2.49,2.3,3.305
2024-04-14 08:46:00+00:00,1713084479,1872,173211,40.5,36.4,2.405,2.1,2.95
2024-04-14 08:48:00+00:00,1713084598,1872,173211,40.5,36.4,2.195,2.1,2.825
2024-04-14 08:50:00+00:00,1713084718,1872,173211,40.5,36.4,2.375,2.2,2.905
2024-04-14 08:52:00+00:00,1713084838,1872,173211,40.5,36.4,2.505,2.3,3.035
2024-04-14 08:54:00+00:00,1713084958,1872,173211,40.5,36.4,2.365,2.2,2.995
2024-04-14 08:56:00+00:00,1713085078,1872,173211,40.5,36.4,2.31,2.4,2.975
2024-04-14 08:58:00+00:00,1713085198,1872,173211,40.5,36.4,2.22,2.3,3.025
2024-04-14 09:00:00+00:00,1713085318,1872,173211,40.0,36.4,2.535,2.2,3.115
2024-04-14 09:02:00+00:00,1713085445,1872,173211,40.5,36.1,0.0,0.0,0.0
2024-04-14 09:04:00+00:00,1713085445,1872,173211,40.5,36.1,2.41,2.4,3.125
2024-04-14 09:06:00+00:00,1713085679,1872,173211,40.5,36.4,2.65,2.4,3.16
2024-04-14 09:08:00+00:00,1713085800,1872,173211,40.5,36.4,2.02,2.2,2.89
2024-04-14 09:10:00+00:00,1713085800,1872,173211,40.5,36.4,2.02,2.2,2.89
2024-04-14 09:12:00+00:00,1713086039,1872,173211,40.0,36.4,2.345,2.3,3.115
2024-04-14 09:14:00+00:00,1713086159,1872,173211,40.0,36.7,2.305,2.3,3.015
2024-04-14 09:16:00+00:00,1713086279,1872,173211,40.0,36.4,2.47,2.3,3.615
2024-04-14 09:18:00+00:00,1713086399,1872,173211,40.0,36.7,2.4,2.5,3.72
2024-04-14 09:20:00+00:00,1713086519,1872,173211,40.0,36.7,2.33,2.4,3.295
2024-04-14 09:22:00+00:00,1713086639,1872,173211,40.0,36.7,2.725,2.3,3.325
2024-04-14 09:24:00+00:00,1713086759,1872,173211,40.0,36.7,2.29,2.2,2.92
2024-04-14 09:26:00+00:00,1713086879,1872,173211,40.0,36.7,2.685,2.6,3.425
2024-04-14 09:28:00+00:00,1713086999,1872,173211,40.5,36.7,2.67,2.5,3.655
2024-04-14 09:30:00+00:00,1713087119,1872,173211,40.5,36.7,2.18,2.3,3.265
2024-04-14 09:32:00+00:00,1713087239,1872,173211,40.5,36.7,2.335,2.3,3.35
2024-04-14 09:34:00+00:00,1713087359,1872,173211,40.5,36.9,1.93,2.1,2.515
2024-04-14 09:36:00+00:00,1713087479,1872,173211,40.5,36.7,2.025,2.2,3.085
2024-04-14 09:38:00+00:00,1713087599,1872,173211,40.5,36.7,2.305,2.2,2.97
2024-04-14 09:40:00+00:00,1713087719,1872,173211,40.0,35.8,2.865,2.5,4.05
2024-04-14 09:42:00+00:00,1713087839,1872,173211,39.0,35.3,3.845,3.3,4.935
2024-04-14 09:44:00+00:00,1713087959,1872,173211,39.0,34.7,4.56,3.7,6.285
2024-04-14 09:46:00+00:00,1713088079,1872,173211,39.5,34.2,4.875,3.8,6.225
2024-04-14 09:48:00+00:00,1713088199,1872,173211,40.0,33.6,5.26,4.0,6.54
2024-04-14 09:50:00+00:00,1713088319,1872,173211,40.5,33.3,5.55,4.8,7.18
2024-04-14 09:52:00+00:00,1713088439,1872,173211,41.0,33.1,6.885,6.5,8.525
2024-04-14 09:54:00+00:00,1713088559,1872,173211,41.5,32.5,7.415,7.1,9.33
2024-04-14 09:56:00+00:00,1713088679,1872,173211,42.0,32.5,5.25,4.0,7.05
2024-04-14 09:58:00+00:00,1713088799,1872,173211,42.5,32.2,5.655,3.9,6.845
2024-04-14 10:00:00+00:00,1713088919,1872,173211,43.0,31.9,5.67,3.9,6.925
2024-04-14 10:02:00+00:00,1713089039,1872,173211,43.5,31.9,5.58,4.3,6.985
