date_time_utc,time_stamp,group_id,member_id,humidity,temperature,pm1.0_atm,pm2.5_alt,pm10.0_atm
2024-04-14 05:00:00+00:00,1713070919,1872,173213,48.0,30.3,6.17,4.5,7.48
2024-04-14 05:02:00+00:00,1713071039,1872,173213,48.0,30.3,5.62,4.2,7.395
2024-04-14 05:04:00+00:00,1713071159,1872,173213,48.0,30.3,5.93,4.2,7.445
2024-04-14 05:06:00+00:00,1713071279,1872,173213,48.0,30.3,5.835,4.4,7.55
2024-04-14 05:08:00+00:00,1713071399,1872,173213,48.0,30.3,5.855,4.3,7.875
2024-04-14 05:10:00+00:00,1713071519,1872,173213,48.0,30.3,5.51,4.1,7.155
2024-04-14 05:12:00+00:00,1713071639,1872,173213,48.0,30.3,6.005,4.4,7.645
2024-04-14 05:14:00+00:00,1713071760,1872,173213,48.0,30.3,5.67,4.1,6.815
2024-04-14 05:16:00+00:00,1713071760,1872,173213,48.0,30.3,5.67,4.1,6.815
2024-04-14 05:18:00+00:00,1713072000,1872,173213,48.0,30.3,5.565,4.1,7.79
2024-04-14 05:20:00+00:00,1713072000,1872,173213,48.0,30.3,5.565,4.1,7.79
2024-04-14 05:22:00+00:00,1713072239,1872,173213,48.0,30.3,5.51,4.3,7.45
2024-04-14 05:24:00+00:00,1713072360,1872,173213,48.0,30.3,5.295,4.3,7.095
2024-04-14 05:26:00+00:00,1713072360,1872,173213,48.0,30.3,5.295,4.3,7.095
2024-04-14 05:28:00+00:00,1713072599,1872,173213,48.0,30.3,5.325,4.0,7.205
2024-04-14 05:30:00+00:00,1713072719,1872,173213,48.0,30.3,5.45,4.0,7.42
2024-04-14 05:32:00+00:00,1713072840,1872,173213,48.0,30.3,5.855,4.1,7.64
2024-04-14 05:34:00+00:00,1713072840,1872,173213,48.0,30.3,5.855,4.1,7.64
2024-04-14 05:36:00+00:00,1713072960,1872,173213,48.0,30.3,5.85,4.1,7.27
2024-04-14 05:38:00+00:00,1713073200,1872,173213,48.0,30.3,81.945,41.1,88.905
2024-04-14 05:40:00+00:00,1713073200,1872,173213,48.0,30.3,81.945,41.1,88.905
2024-04-14 05:42:00+00:00,1713073320,1872,173213,48.0,30.3,137.98,70.3,147.035
2024-04-14 05:44:00+00:00,1713073441,1872,173213,48.0,30.3,90.395,47.8,102.12
2024-04-14 05:46:00+00:00,1713073560,1872,173213,48.0,30.3,142.24,73.4,150.065
2024-04-14 05:48:00+00:00,1713073680,1872,173213,47.0,30.3,190.02,90.7,196.795
2024-04-14 05:50:00+00:00,1713073800,1872,173213,47.0,30.3,146.495,74.9,155.77
2024-04-14 05:52:00+00:00,1713073920,1872,173213,47.0,30.3,158.955,75.8,166.23
2024-04-14 05:54:00+00:00,1713074040,1872,173213,47.0,30.3,113.995,57.4,122.98
2024-04-14 05:56:00+00:00,1713074160,1872,173213,47.5,30.3,110.1,54.2,120.5
2024-04-14 05:58:00+00:00,1713074280,1872,173213,47.0,30.3,108.015,54.0,115.225
2024-04-14 06:00:00+00:00,1713074402,1872,173213,47.0,30.3,77.895,41.8,89.93
2024-04-14 06:02:00+00:00,1713074520,1872,173213,47.0,30.3,72.025,39.0,86.285
2024-04-14 06:04:00+00:00,1713074640,1872,173213,47.0,30.3,85.49,40.4,96.485
2024-04-14 06:06:00+00:00,1713074761,1872,173213,47.0,30.3,79.38,41.2,91.135
2024-04-14 06:08:00+00:00,1713074880,1872,173213,47.0,30.3,74.4,38.2,88.625
2024-04-14 06:10:00+00:00,1713075000,1872,173213,47.0,30.3,130.685,63.5,139.69
2024-04-14 06:12:00+00:00,1713075120,1872,173213,47.5,30.0,54.57,27.1,63.41
2024-04-14 06:14:00+00:00,1713075244,1872,173213,47.5,30.0,13.085,7.5,21.41
2024-04-14 06:16:00+00:00,1713075360,1872,173213,47.5,30.3,15.135,8.5,21.48
2024-04-14 06:18:00+00:00,1713075480,1872,173213,47.0,30.6,16.03,8.4,23.25
2024-04-14 06:20:00+00:00,1713075602,1872,173213,46.5,30.6,10.125,7.6,18.195
2024-04-14 06:22:00+00:00,1713075777,1872,173213,46.5,30.3,17.095,10.2,24.215
2024-04-14 06:24:00+00:00,1713075840,1872,173213,48.0,30.0,12.285,7.1,19.29
2024-04-14 06:26:00+00:00,1713076027,1872,173213,46.5,30.3,8.55,6.4,17.46
2024-04-14 06:28:00+00:00,1713076135,1872,173213,49.5,29.7,10.99,6.8,18.985
2024-04-14 06:30:00+00:00,1713076200,1872,173213,47.5,30.6,8.83,5.6,15.41
2024-04-14 06:32:00+00:00,1713076320,1872,173213,42.5,33.3,11.435,6.9,17.84
2024-04-14 06:34:00+00:00,1713076440,1872,173213,38.5,35.0,3.425,3.1,4.77
2024-04-14 06:36:00+00:00,1713076561,1872,173213,35.5,36.7,3.365,3.1,4.87
2024-04-14 06:38:00+00:00,1713076680,1872,173213,33.0,38.1,3.13,3.1,4.835
2024-04-14 06:40:00+00:00,1713076800,1872,173213,31.0,39.2,2.72,2.7,3.82
2024-04-14 06:42:00+00:00,1713076920,1872,173213,29.0,40.3,2.895,2.7,3.765
2024-04-14 06:44:00+00:00,1713077041,1872,173213,28.0,41.1,3.12,3.1,4.175
2024-04-14 06:46:00+00:00,1713077161,1872,173213,27.0,41.9,2.625,2.6,3.595
2024-04-14 06:48:00+00:00,1713077281,1872,173213,26.0,42.5,2.53,2.5,3.655
2024-04-14 06:50:00+00:00,1713077402,1872,173213,26.0,43.1,2.495,2.5,3.44
2024-04-14 06:52:00+00:00,1713077521,1872,173213,25.0,43.6,2.51,2.6,3.385
2024-04-14 06:54:00+00:00,1713077641,1872,173213,24.5,43.9,2.475,2.6,3.47
2024-04-14 06:56:00+00:00,1713077761,1872,173213,24.0,44.2,2.23,2.4,3.035
2024-04-14 06:58:00+00:00,1713077881,1872,173213,24.0,44.7,2.315,2.4,3.2
2024-04-14 07:00:00+00:00,1713078001,1872,173213,23.5,44.7,2.22,2.6,3.34
2024-04-14 07:02:00+00:00,1713078121,1872,173213,24.0,44.4,5.625,4.1,8.025
2024-04-14 07:04:00+00:00,1713078241,1872,173213,23.5,44.7,7.145,4.2,11.25
2024-04-14 07:06:00+00:00,1713078361,1872,173213,23.5,45.0,3.96,3.9,8.545
2024-04-14 07:08:00+00:00,1713078481,1872,173213,23.0,45.0,4.625,3.3,8.19
2024-04-14 07:10:00+00:00,1713078601,1872,173213,23.0,45.0,3.66,3.4,7.96
2024-04-14 07:12:00+00:00,1713078721,1872,173213,23.0,45.3,4.955,4.0,9.04
2024-04-14 07:14:00+00:00,1713078841,1872,173213,23.0,45.3,7.025,4.7,13.36
2024-04-14 07:16:00+00:00,1713078961,1872,173213,23.0,45.6,7.745,4.9,13.34
2024-04-14 07:18:00+00:00,1713079081,1872,173213,23.0,45.6,7.395,4.6,12.915
2024-04-14 07:20:00+00:00,1713079295,1872,173213,23.5,44.7,4.34,3.5,8.77
2024-04-14 07:22:00+00:00,1713079351,1872,173213,24.5,44.4,3.935,2.9,7.355
2024-04-14 07:24:00+00:00,1713079471,1872,173213,23.0,46.1,36.34,18.6,41.49
2024-04-14 07:26:00+00:00,1713079591,1872,173213,23.0,46.1,64.97,32.9,75.065
2024-04-14 07:28:00+00:00,1713079711,1872,173213,22.5,46.1,79.875,39.8,88.91
2024-04-14 07:30:00+00:00,1713079831,1872,173213,22.0,46.1,51.39,26.4,60.01
2024-04-14 07:32:00+00:00,1713079951,1872,173213,22.0,46.1,68.795,33.0,76.15
2024-04-14 07:34:00+00:00,1713080071,1872,173213,22.0,46.4,65.99,32.7,72.77
2024-04-14 07:36:00+00:00,1713080191,1872,173213,22.0,46.4,40.21,19.4,49.255
2024-04-14 07:38:00+00:00,1713080311,1872,173213,22.0,46.4,128.27,68.1,133.74
2024-04-14 07:40:00+00:00,1713080431,1872,173213,22.0,46.7,195.865,102.2,198.38
2024-04-14 07:42:00+00:00,1713080551,1872,173213,22.0,46.7,205.385,106.2,207.84
2024-04-14 07:44:00+00:00,1713080672,1872,173213,22.0,46.7,201.275,105.0,203.855
2024-04-14 07:46:00+00:00,1713080792,1872,173213,22.0,46.7,173.66,88.1,176.81
2024-04-14 07:48:00+00:00,1713080912,1872,173213,22.0,46.7,201.14,107.3,204.4
2024-04-14 07:50:00+00:00,1713081032,1872,173213,22.0,46.9,185.625,96.4,188.115
2024-04-14 07:52:00+00:00,1713081152,1872,173213,22.0,46.9,205.945,109.9,207.735
2024-04-14 07:54:00+00:00,1713081272,1872,173213,22.0,46.9,176.64,90.1,178.94
2024-04-14 07:56:00+00:00,1713081392,1872,173213,22.0,46.9,158.185,80.8,161.95
2024-04-14 07:58:00+00:00,1713081512,1872,173213,22.0,46.9,180.92,95.9,183.435
2024-04-14 08:00:00+00:00,1713081632,1872,173213,22.0,46.9,167.395,88.1,169.47
2024-04-14 08:02:00+00:00,1713081752,1872,173213,21.5,47.2,159.2,82.6,162.62
2024-04-14 08:04:00+00:00,1713081872,1872,173213,22.0,47.2,155.365,79.6,157.79
2024-04-14 08:06:00+00:00,1713081992,1872,173213,21.5,47.2,152.86,79.1,154.87
2024-04-14 08:08:00+00:00,1713082112,1872,173213,22.0,47.2,145.605,74.2,148.37
2024-04-14 08:10:00+00:00,1713082232,1872,173213,21.5,47.2,168.71,87.3,171.15
2024-04-14 08:12:00+00:00,1713082352,1872,173213,21.5,47.2,168.27,86.9,170.795
2024-04-14 08:14:00+00:00,1713082472,1872,173213,21.5,47.2,150.295,78.6,153.035
2024-04-14 08:16:00+00:00,1713082592,1872,173213,21.5,47.2,139.405,72.5,141.995
2024-04-14 08:18:00+00:00,1713082712,1872,173213,21.5,47.2,143.015,74.6,145.67
2024-04-14 08:20:00+00:00,1713082832,1872,173213,21.5,47.2,163.79,85.6,166.275
2024-04-14 08:22:00+00:00,1713082953,1872,173213,22.0,46.9,32.97,17.1,37.465
2024-04-14 08:24:00+00:00,1713083072,1872,173213,22.0,46.9,5.825,3.7,9.35
2024-04-14 08:26:00+00:00,1713083192,1872,173213,22.0,47.2,7.385,5.4,13.435
2024-04-14 08:28:00+00:00,1713083407,1872,173213,22.5,46.4,0.0,0.0,0.0
2024-04-14 08:30:00+00:00,1713083407,1872,173213,22.5,46.4,8.81,5.6,12.665
2024-04-14 08:32:00+00:00,1713083582,1872,173213,22.0,47.2,2.48,3.0,6.51
2024-04-14 08:34:00+00:00,1713083702,1872,173213,22.0,47.2,2.99,2.5,6.47
2024-04-14 08:36:00+00:00,1713083893,1872,173213,22.5,46.4,0.0,0.0,0.0
2024-04-14 08:38:00+00:00,1713083893,1872,173213,22.5,46.4,3.185,3.1,6.75
2024-04-14 08:40:00+00:00,1713084183,1872,173213,23.0,46.1,0.0,0.0,0.0
2024-04-14 08:42:00+00:00,1713084183,1872,173213,23.0,46.1,5.025,3.5,9.315
2024-04-14 08:44:00+00:00,1713084369,1872,173213,22.0,46.9,0.0,0.0,0.0
2024-04-14 08:46:00+00:00,1713084369,1872,173213,22.0,46.9,194.495,104.6,196.2
2024-04-14 08:48:00+00:00,1713084588,1872,173213,21.5,47.8,222.095,118.3,223.685
2024-04-14 08:50:00+00:00,1713084708,1872,173213,21.5,47.8,159.285,83.6,162.68
2024-04-14 08:52:00+00:00,1713084828,1872,173213,21.5,47.8,1.515,2.0,2.2
2024-04-14 08:54:00+00:00,1713084948,1872,173213,21.5,47.8,1.43,1.8,1.775
2024-04-14 08:56:00+00:00,1713085068,1872,173213,21.0,48.1,1.39,1.9,2.34
2024-04-14 08:58:00+00:00,1713085188,1872,173213,21.0,48.1,1.46,1.8,1.705
2024-04-14 09:00:00+00:00,1713085309,1872,173213,21.0,48.1,1.505,2.1,1.915
2024-04-14 09:02:00+00:00,1713085430,1872,173213,21.0,48.1,1.545,2.0,2.245
2024-04-14 09:04:00+00:00,1713085548,1872,173213,21.0,48.1,1.44,1.9,1.975
2024-04-14 09:06:00+00:00,1713085668,1872,173213,21.0,48.1,1.445,2.0,2.05
2024-04-14 09:08:00+00:00,1713085788,1872,173213,21.0,48.1,1.485,1.9,1.975
2024-04-14 09:10:00+00:00,1713085908,1872,173213,22.0,47.8,21.76,13.1,24.155
2024-04-14 09:12:00+00:00,1713086028,1872,173213,22.0,47.8,5.805,3.8,9.235
2024-04-14 09:14:00+00:00,1713086148,1872,173213,22.0,47.8,1.77,2.3,4.58
2024-04-14 09:16:00+00:00,1713086268,1872,173213,22.0,47.8,2.905,2.8,6.175
2024-04-14 09:18:00+00:00,1713086388,1872,173213,22.0,47.8,4.665,4.0,8.665
2024-04-14 09:20:00+00:00,1713086581,1872,173213,22.5,46.9,0.0,0.0,0.0
2024-04-14 09:22:00+00:00,1713086581,1872,173213,22.5,46.9,9.82,5.6,15.11
2024-04-14 09:24:00+00:00,1713086748,1872,173213,21.5,48.1,33.49,18.3,39.285
2024-04-14 09:26:00+00:00,1713086868,1872,173213,21.5,48.1,185.78,97.2,188.29
2024-04-14 09:28:00+00:00,1713086988,1872,173213,21.5,47.8,191.89,103.8,194.79
2024-04-14 09:30:00+00:00,1713087108,1872,173213,22.0,47.8,201.65,106.0,204.025
2024-04-14 09:32:00+00:00,1713087228,1872,173213,21.5,48.1,151.075,77.5,153.14
2024-04-14 09:34:00+00:00,1713087348,1872,173213,21.5,48.1,181.695,95.3,183.32
2024-04-14 09:36:00+00:00,1713087468,1872,173213,21.5,48.1,167.505,88.4,169.68
2024-04-14 09:38:00+00:00,1713087588,1872,173213,21.5,48.1,158.365,82.3,160.57
2024-04-14 09:40:00+00:00,1713087708,1872,173213,25.0,43.1,35.835,19.2,42.165
2024-04-14 09:42:00+00:00,1713087828,1872,173213,28.0,40.3,96.375,52.8,103.16
2024-04-14 09:44:00+00:00,1713087948,1872,173213,30.0,38.1,106.45,58.8,113.49
2024-04-14 09:46:00+00:00,1713088068,1872,173213,32.0,36.7,113.52,62.9,120.49
2024-04-14 09:48:00+00:00,1713088188,1872,173213,33.5,35.6,186.65,96.9,191.535
2024-04-14 09:50:00+00:00,1713088308,1872,173213,35.5,34.7,142.39,74.7,149.19
2024-04-14 09:52:00+00:00,1713088428,1872,173213,36.5,34.2,94.77,47.8,99.785
2024-04-14 09:54:00+00:00,1713088548,1872,173213,37.5,33.3,4.145,3.4,5.28
2024-04-14 09:56:00+00:00,1713088668,1872,173213,39.0,32.8,4.795,3.9,6.275
2024-04-14 09:58:00+00:00,1713088788,1872,173213,39.5,32.5,4.945,3.7,6.44
2024-04-14 10:00:00+00:00,1713088909,1872,173213,40.5,31.9,4.685,3.7,6.26
2024-04-14 10:02:00+00:00,1713089028,1872,173213,41.5,31.7,4.8,3.5,5.905
