date_time_utc,time_stamp,group_id,member_id,humidity,temperature,pm1.0_atm,pm2.5_alt,pm10.0_atm
2024-04-14 05:00:00+00:00,1713070824,1872,173212,50.0,30.3,6.23,5.1,8.49
2024-04-14 05:02:00+00:00,1713070944,1872,173212,49.5,30.3,6.035,4.5,7.73
2024-04-14 05:04:00+00:00,1713071064,1872,173212,49.5,30.3,6.56,4.6,8.045
2024-04-14 05:06:00+00:00,1713071184,1872,173212,50.0,30.3,6.31,5.0,8.32
2024-04-14 05:08:00+00:00,1713071304,1872,173212,50.0,30.3,6.275,4.5,8.09
2024-04-14 05:10:00+00:00,1713071424,1872,173212,49.5,30.3,6.4,4.4,8.175
2024-04-14 05:12:00+00:00,1713071544,1872,173212,50.0,30.3,6.36,4.6,8.235
2024-04-14 05:14:00+00:00,1713071664,1872,173212,49.0,30.3,5.91,4.4,7.575
2024-04-14 05:16:00+00:00,1713071785,1872,173212,49.5,30.3,6.28,4.6,7.81
2024-04-14 05:18:00+00:00,1713071904,1872,173212,50.0,30.3,6.3,4.4,7.885
2024-04-14 05:20:00+00:00,1713072024,1872,173212,49.0,30.3,6.32,4.7,8.29
2024-04-14 05:22:00+00:00,1713072144,1872,173212,50.0,30.6,6.03,4.7,7.755
2024-04-14 05:24:00+00:00,1713072264,1872,173212,50.0,30.6,5.985,4.2,7.455
2024-04-14 05:26:00+00:00,1713072384,1872,173212,50.0,30.6,6.085,4.4,8.015
2024-04-14 05:28:00+00:00,1713072504,1872,173212,50.0,30.6,6.265,4.5,7.92
2024-04-14 05:30:00+00:00,1713072625,1872,173212,50.0,30.6,5.86,4.4,7.825
2024-04-14 05:32:00+00:00,1713072744,1872,173212,50.0,30.6,6.2,4.4,7.845
2024-04-14 05:34:00+00:00,1713072864,1872,173212,49.5,30.6,6.06,4.4,7.72
2024-04-14 05:36:00+00:00,1713072984,1872,173212,50.0,30.6,5.875,4.3,8.09
2024-04-14 05:38:00+00:00,1713073104,1872,173212,49.0,30.6,6.395,4.6,8.07
2024-04-14 05:40:00+00:00,1713073224,1872,173212,49.0,30.6,5.95,4.3,7.625
2024-04-14 05:42:00+00:00,1713073344,1872,173212,49.0,30.6,6.615,4.5,8.29
2024-04-14 05:44:00+00:00,1713073464,1872,173212,49.0,30.6,6.475,4.4,8.205
2024-04-14 05:46:00+00:00,1713073584,1872,173212,49.0,30.6,6.24,4.6,7.965
2024-04-14 05:48:00+00:00,1713073704,1872,173212,49.0,30.6,6.005,4.4,7.58
2024-04-14 05:50:00+00:00,1713073824,1872,173212,49.0,30.6,6.48,4.6,8.235
2024-04-14 05:52:00+00:00,1713073944,1872,173212,48.5,30.6,6.515,4.6,8.6
2024-04-14 05:54:00+00:00,1713074065,1872,173212,48.5,30.6,6.765,4.8,8.42
2024-04-14 05:56:00+00:00,1713074185,1872,173212,48.5,30.6,5.965,4.6,7.805
2024-04-14 05:58:00+00:00,1713074305,1872,173212,48.5,30.6,6.495,4.5,7.97
2024-04-14 06:00:00+00:00,1713074425,1872,173212,48.0,30.6,6.535,4.5,8.355
2024-04-14 06:02:00+00:00,1713074545,1872,173212,48.0,30.6,6.195,4.5,8.495
2024-04-14 06:04:00+00:00,1713074665,1872,173212,48.0,30.6,6.08,4.5,7.75
2024-04-14 06:06:00+00:00,1713074785,1872,173212,48.0,30.6,5.725,4.1,7.44
2024-04-14 06:08:00+00:00,1713074906,1872,173212,48.0,30.6,5.785,4.1,7.115
2024-04-14 06:10:00+00:00,1713075025,1872,173212,48.0,30.6,5.86,4.5,7.52
2024-04-14 06:12:00+00:00,1713075145,1872,173212,48.0,30.6,5.98,4.4,7.805
2024-04-14 06:14:00+00:00,1713075265,1872,173212,48.0,30.6,6.39,4.7,8.27
2024-04-14 06:16:00+00:00,1713075385,1872,173212,48.0,30.8,5.815,4.6,8.045
2024-04-14 06:18:00+00:00,1713075505,1872,173212,47.5,31.1,5.325,4.2,7.0
2024-04-14 06:20:00+00:00,1713075625,1872,173212,47.0,31.4,5.755,4.1,7.585
2024-04-14 06:22:00+00:00,1713075745,1872,173212,46.5,31.4,5.06,3.8,6.85
2024-04-14 06:24:00+00:00,1713075865,1872,173212,46.0,31.7,5.12,4.0,6.69
2024-04-14 06:26:00+00:00,1713075985,1872,173212,45.5,31.7,4.72,3.8,6.32
2024-04-14 06:28:00+00:00,1713076105,1872,173212,45.5,31.9,5.15,4.1,6.96
2024-04-14 06:30:00+00:00,1713076225,1872,173212,45.0,31.9,5.43,4.2,7.315
2024-04-14 06:32:00+00:00,1713076345,1872,173212,44.5,32.2,4.73,3.9,6.225
2024-04-14 06:34:00+00:00,1713076465,1872,173212,44.5,32.5,4.965,4.0,6.74
2024-04-14 06:36:00+00:00,1713076585,1872,173212,44.0,32.5,4.91,3.6,5.825
2024-04-14 06:38:00+00:00,1713076705,1872,173212,43.5,32.8,4.515,3.7,5.975
2024-04-14 06:40:00+00:00,1713076825,1872,173212,43.5,33.1,4.58,3.7,6.225
2024-04-14 06:42:00+00:00,1713076945,1872,173212,43.5,33.1,3.845,3.3,5.3
2024-04-14 06:44:00+00:00,1713077065,1872,173212,43.5,33.3,4.215,3.6,5.56
2024-04-14 06:46:00+00:00,1713077185,1872,173212,42.5,33.6,3.94,3.2,5.38
2024-04-14 06:48:00+00:00,1713077305,1872,173212,42.5,33.6,4.26,3.4,5.83
2024-04-14 06:50:00+00:00,1713077425,1872,173212,42.5,33.9,3.665,3.2,5.34
2024-04-14 06:52:00+00:00,1713077545,1872,173212,42.5,33.9,3.905,3.3,5.415
2024-04-14 06:54:00+00:00,1713077665,1872,173212,42.5,34.2,3.805,3.0,5.61
2024-04-14 06:56:00+00:00,1713077786,1872,173212,41.5,34.4,4.145,3.3,5.155
2024-04-14 06:58:00+00:00,1713077906,1872,173212,41.5,34.4,3.775,3.1,5.13
2024-04-14 07:00:00+00:00,1713078026,1872,173212,41.5,34.4,3.51,2.9,4.62
2024-04-14 07:02:00+00:00,1713078146,1872,173212,41.5,34.4,4.075,3.1,5.105
2024-04-14 07:04:00+00:00,1713078266,1872,173212,41.5,34.4,3.945,3.0,4.9
2024-04-14 07:06:00+00:00,1713078386,1872,173212,41.5,34.7,3.725,3.1,5.06
2024-04-14 07:08:00+00:00,1713078506,1872,173212,41.5,34.7,3.765,2.8,5.01
2024-04-14 07:10:00+00:00,1713078626,1872,173212,41.5,35.0,3.62,3.0,4.985
2024-04-14 07:12:00+00:00,1713078746,1872,173212,41.5,35.0,3.505,2.9,4.925
2024-04-14 07:14:00+00:00,1713078866,1872,173212,41.5,35.0,3.46,2.9,4.58
2024-04-14 07:16:00+00:00,1713078986,1872,173212,41.5,35.0,3.32,2.8,4.42
2024-04-14 07:18:00+00:00,1713079106,1872,173212,40.5,35.0,3.02,2.7,4.53
2024-04-14 07:20:00+00:00,1713079226,1872,173212,40.5,35.3,3.54,2.8,4.66
2024-04-14 07:22:00+00:00,1713079346,1872,173212,40.5,35.3,3.21,2.9,4.435
2024-04-14 07:24:00+00:00,1713079466,1872,173212,40.5,35.3,3.345,2.7,4.04
2024-04-14 07:26:00+00:00,1713079586,1872,173212,40.5,35.6,2.845,2.6,3.64
2024-04-14 07:28:00+00:00,1713079706,1872,173212,40.5,35.6,3.155,2.9,4.3
2024-04-14 07:30:00+00:00,1713079826,1872,173212,40.5,35.6,3.46,2.9,4.72
2024-04-14 07:32:00+00:00,1713079946,1872,173212,40.5,35.6,3.28,2.8,4.085
2024-04-14 07:34:00+00:00,1713080066,1872,173212,40.5,35.6,3.105,2.8,4.155
2024-04-14 07:36:00+00:00,1713080186,1872,173212,40.5,35.6,2.81,2.4,3.625
2024-04-14 07:38:00+00:00,1713080306,1872,173212,40.5,35.6,2.78,2.7,4.005
2024-04-14 07:40:00+00:00,1713080426,1872,173212,40.5,35.8,3.01,2.6,3.925
2024-04-14 07:42:00+00:00,1713080546,1872,173212,40.5,35.8,2.51,2.4,3.33
2024-04-14 07:44:00+00:00,1713080666,1872,173212,40.5,35.8,2.595,2.5,3.83
2024-04-14 07:46:00+00:00,1713080786,1872,173212,40.5,35.8,2.58,2.6,3.335
2024-04-14 07:48:00+00:00,1713080906,1872,173212,40.5,36.1,2.445,2.5,3.305
2024-04-14 07:50:00+00:00,1713081026,1872,173212,40.0,36.1,2.55,2.4,3.355
2024-04-14 07:52:00+00:00,1713081146,1872,173212,40.0,36.1,2.75,3.0,4.025
2024-04-14 07:54:00+00:00,1713081266,1872,173212,40.0,36.1,2.8,2.5,3.565
2024-04-14 07:56:00+00:00,1713081387,1872,173212,40.0,36.1,2.575,2.2,3.125
2024-04-14 07:58:00+00:00,1713081507,1872,173212,40.0,36.1,2.675,2.5,3.555
2024-04-14 08:00:00+00:00,1713081627,1872,173212,39.5,36.1,2.445,2.6,3.41
2024-04-14 08:02:00+00:00,1713081747,1872,173212,39.5,36.1,2.555,2.5,3.61
2024-04-14 08:04:00+00:00,1713081867,1872,173212,39.5,36.1,2.585,2.4,3.21
2024-04-14 08:06:00+00:00,1713081987,1872,173212,39.5,36.1,2.69,2.4,3.755
2024-04-14 08:08:00+00:00,1713082107,1872,173212,39.5,36.1,2.525,2.6,3.575
2024-04-14 08:10:00+00:00,1713082227,1872,173212,39.5,36.4,2.405,2.4,3.315
2024-04-14 08:12:00+00:00,1713082347,1872,173212,39.5,36.4,2.5,2.4,3.42
2024-04-14 08:14:00+00:00,1713082467,1872,173212,39.5,36.4,2.39,2.3,3.255
2024-04-14 08:16:00+00:00,1713082587,1872,173212,39.5,36.4,2.365,2.4,3.175
2024-04-14 08:18:00+00:00,1713082707,1872,173212,39.5,36.4,2.02,2.4,3.165
2024-04-14 08:20:00+00:00,1713082827,1872,173212,39.5,36.7,2.255,2.4,3.37
2024-04-14 08:22:00+00:00,1713082947,1872,173212,39.5,36.7,2.065,2.1,3.015
2024-04-14 08:24:00+00:00,1713083067,1872,173212,39.5,36.7,2.335,2.3,3.105
2024-04-14 08:26:00+00:00,1713083187,1872,173212,39.5,36.7,2.635,2.7,3.615
2024-04-14 08:28:00+00:00,1713083307,1872,173212,39.5,36.7,2.59,2.5,3.565
2024-04-14 08:30:00+00:00,1713083427,1872,173212,39.5,36.7,2.295,2.5,3.25
2024-04-14 08:32:00+00:00,1713083547,1872,173212,39.5,36.7,2.28,2.3,2.94
2024-04-14 08:34:00+00:00,1713083667,1872,173212,39.5,36.7,2.23,2.3,3.29
2024-04-14 08:36:00+00:00,1713083787,1872,173212,39.5,36.7,2.205,2.4,3.13
2024-04-14 08:38:00+00:00,1713083907,1872,173212,39.5,36.7,2.16,2.5,3.22
2024-04-14 08:40:00+00:00,1713084027,1872,173212,39.5,36.7,2.435,2.4,3.345
2024-04-14 08:42:00+00:00,1713084147,1872,173212,39.5,36.7,2.565,2.5,3.425
2024-04-14 08:44:00+00:00,1713084267,1872,173212,39.5,36.7,2.3,2.2,3.135
2024-04-14 08:46:00+00:00,1713084388,1872,173212,39.5,36.7,2.24,2.3,3.14
2024-04-14 08:48:00+00:00,1713084507,1872,173212,39.5,36.7,2.305,2.4,3.245
2024-04-14 08:50:00+00:00,1713084627,1872,173212,39.5,36.7,2.395,2.2,3.08
2024-04-14 08:52:00+00:00,1713084747,1872,173212,39.5,36.7,2.63,2.3,3.495
2024-04-14 08:54:00+00:00,1713084867,1872,173212,39.5,36.7,2.295,2.4,2.815
2024-04-14 08:56:00+00:00,1713084987,1872,173212,39.5,36.7,2.6,2.4,3.52
2024-04-14 08:58:00+00:00,1713085107,1872,173212,39.5,36.9,2.34,2.3,3.385
2024-04-14 09:00:00+00:00,1713085227,1872,173212,39.5,36.9,2.475,2.5,3.645
2024-04-14 09:02:00+00:00,1713085349,1872,173212,39.5,36.7,2.29,2.1,2.845
2024-04-14 09:04:00+00:00,1713085467,1872,173212,39.5,36.9,2.525,2.4,3.3
2024-04-14 09:06:00+00:00,1713085587,1872,173212,39.5,36.9,2.515,2.2,3.235
2024-04-14 09:08:00+00:00,1713085707,1872,173212,39.5,36.9,2.5,2.3,3.45
2024-04-14 09:10:00+00:00,1713085827,1872,173212,39.5,36.9,2.49,2.4,3.545
2024-04-14 09:12:00+00:00,1713085947,1872,173212,39.5,36.9,2.17,2.4,3.155
2024-04-14 09:14:00+00:00,1713086067,1872,173212,39.5,36.9,2.1,2.3,3.45
2024-04-14 09:16:00+00:00,1713086188,1872,173212,39.5,36.9,2.29,2.5,3.15
2024-04-14 09:18:00+00:00,1713086307,1872,173212,39.5,36.9,2.2,2.3,2.965
2024-04-14 09:20:00+00:00,1713086427,1872,173212,39.5,37.2,2.09,2.3,2.825
2024-04-14 09:22:00+00:00,1713086547,1872,173212,39.5,37.2,2.115,2.2,3.03
2024-04-14 09:24:00+00:00,1713086667,1872,173212,39.5,37.2,2.2,2.6,3.295
2024-04-14 09:26:00+00:00,1713086787,1872,173212,39.5,37.2,2.505,2.4,3.245
2024-04-14 09:28:00+00:00,1713086907,1872,173212,39.5,37.2,2.14,2.3,3.01
2024-04-14 09:30:00+00:00,1713087028,1872,173212,39.5,37.2,2.515,2.4,3.325
2024-04-14 09:32:00+00:00,1713087147,1872,173212,39.5,37.2,2.305,2.2,3.415
2024-04-14 09:34:00+00:00,1713087267,1872,173212,39.5,37.2,2.565,2.4,3.505
2024-04-14 09:36:00+00:00,1713087387,1872,173212,39.5,37.2,2.59,2.5,3.22
2024-04-14 09:38:00+00:00,1713087507,1872,173212,39.5,37.2,2.34,2.3,3.265
2024-04-14 09:40:00+00:00,1713087627,1872,173212,39.5,37.2,2.305,2.5,3.41
2024-04-14 09:42:00+00:00,1713087747,1872,173212,43.0,32.8,3.235,2.8,4.285
2024-04-14 09:44:00+00:00,1713087867,1872,173212,45.5,31.1,4.795,3.7,6.305
2024-04-14 09:46:00+00:00,1713087987,1872,173212,47.0,30.6,5.135,3.8,6.375
2024-04-14 09:48:00+00:00,1713088107,1872,173212,48.0,30.0,5.14,3.8,6.91
2024-04-14 09:50:00+00:00,1713088227,1872,173212,48.0,29.7,5.75,4.1,7.595
2024-04-14 09:52:00+00:00,1713088347,1872,173212,49.0,29.4,5.86,4.2,8.215
2024-04-14 09:54:00+00:00,1713088467,1872,173212,50.0,29.4,5.625,4.3,7.075
2024-04-14 09:56:00+00:00,1713088588,1872,173212,50.0,29.2,6.19,4.6,7.745
2024-04-14 09:58:00+00:00,1713088708,1872,173212,50.5,28.9,6.01,4.6,7.735
2024-04-14 10:00:00+00:00,1713088828,1872,173212,51.0,28.9,6.265,5.0,8.08
2024-04-14 10:02:00+00:00,1713088948,1872,173212,51.0,28.6,5.99,4.5,7.58
2024-04-14 10:04:00+00:00,1713089068,1872,173212,52.0,28.6,6.005,4.4,7.72
