date_time_utc,time_stamp,group_id,member_id,humidity,temperature,pm1.0_atm,pm2.5_alt,pm10.0_atm
2024-04-07 10:00:00+00:00,1712484045,1872,173212,50.0,85.5,6.365,5.2,9.485
2024-04-07 10:02:00+00:00,1712484165,1872,173212,49.0,85.5,6.18,5.1,8.945
2024-04-07 10:04:00+00:00,1712484285,1872,173212,49.0,86.0,6.475,5.1,8.885
2024-04-07 10:06:00+00:00,1712484405,1872,173212,48.0,86.0,6.68,5.5,9.845
2024-04-07 10:08:00+00:00,1712484525,1872,173212,48.0,86.5,6.405,5.3,9.46
2024-04-07 10:10:00+00:00,1712484645,1872,173212,48.0,86.5,6.095,4.9,9.465
2024-04-07 10:12:00+00:00,1712484765,1872,173212,47.0,86.5,6.425,5.0,8.715
2024-04-07 10:14:00+00:00,1712484885,1872,173212,47.0,87.0,6.485,5.1,8.93
2024-04-07 10:16:00+00:00,1712485005,1872,173212,47.0,87.0,6.44,5.3,9.285
2024-04-07 10:18:00+00:00,1712485125,1872,173212,47.0,87.5,6.23,5.0,9.065
2024-04-07 10:20:00+00:00,1712485245,1872,173212,46.5,87.5,5.99,5.0,8.135
2024-04-07 10:22:00+00:00,1712485365,1872,173212,46.0,87.5,6.395,5.1,8.985
2024-04-07 10:24:00+00:00,1712485485,1872,173212,46.0,87.5,6.12,5.1,8.575
2024-04-07 10:26:00+00:00,1712485605,1872,173212,46.0,87.5,5.985,4.9,9.05
2024-04-07 10:28:00+00:00,1712485725,1872,173212,46.0,88.0,6.05,5.2,9.015
2024-04-07 10:30:00+00:00,1712485845,1872,173212,45.5,88.0,6.015,4.7,8.535
2024-04-07 10:32:00+00:00,1712485965,1872,173212,45.0,88.5,5.65,4.8,8.33
2024-04-07 10:34:00+00:00,1712486085,1872,173212,44.5,89.0,5.82,4.6,8.325
2024-04-07 10:36:00+00:00,1712488234,1872,173212,0.0,0.0,0.0,0.0,0.0
2024-04-07 10:38:00+00:00,1712488234,1872,173212,0.0,0.0,0.0,0.0,0.0
2024-04-07 10:40:00+00:00,1712488234,1872,173212,0.0,0.0,0.0,0.0,0.0
2024-04-07 10:42:00+00:00,1712488234,1872,173212,0.0,0.0,0.0,0.0,0.0
2024-04-07 10:44:00+00:00,1712488234,1872,173212,0.0,0.0,0.0,0.0,0.0
2024-04-07 10:46:00+00:00,1712488234,1872,173212,0.0,0.0,0.0,0.0,0.0
2024-04-07 10:48:00+00:00,1712488234,1872,173212,0.0,0.0,0.0,0.0,0.0
2024-04-07 10:50:00+00:00,1712488234,1872,173212,0.0,0.0,0.0,0.0,0.0
2024-04-07 10:52:00+00:00,1712488234,1872,173212,0.0,0.0,0.0,0.0,0.0
2024-04-07 10:54:00+00:00,1712488234,1872,173212,0.0,0.0,0.0,0.0,0.0
2024-04-07 10:56:00+00:00,1712488234,1872,173212,0.0,0.0,0.0,0.0,0.0
2024-04-07 10:58:00+00:00,1712488234,1872,173212,0.0,0.0,0.0,0.0,0.0
2024-04-07 11:00:00+00:00,1712488234,1872,173212,0.0,0.0,0.0,0.0,0.0
2024-04-07 11:02:00+00:00,1712488234,1872,173212,0.0,0.0,0.0,0.0,0.0
2024-04-07 11:04:00+00:00,1712488234,1872,173212,0.0,0.0,0.0,0.0,0.0
2024-04-07 11:06:00+00:00,1712488234,1872,173212,0.0,0.0,0.0,0.0,0.0
2024-04-07 11:08:00+00:00,1712488234,1872,173212,0.0,0.0,0.0,0.0,0.0
2024-04-07 11:10:00+00:00,1712488234,1872,173212,40.5,93.0,11.735,9.2,22.875
2024-04-07 11:12:00+00:00,1712488354,1872,173212,40.5,93.0,5.88,4.5,15.26
2024-04-07 11:14:00+00:00,1712488474,1872,173212,40.5,93.0,4.915,4.5,11.685
2024-04-07 11:16:00+00:00,1712488594,1872,173212,41.0,93.0,4.67,3.7,15.775
2024-04-07 11:18:00+00:00,1712488714,1872,173212,40.5,93.0,16.51,11.5,29.625
2024-04-07 11:20:00+00:00,1712488834,1872,173212,40.5,93.5,71.69,55.9,85.57
2024-04-07 11:22:00+00:00,1712488954,1872,173212,40.5,93.5,13.96,12.4,21.47
2024-04-07 11:24:00+00:00,1712489074,1872,173212,40.5,93.5,18.855,14.8,32.07
2024-04-07 11:26:00+00:00,1712489194,1872,173212,40.0,94.0,6.505,4.6,23.975
2024-04-07 11:28:00+00:00,1712489314,1872,173212,39.5,94.0,17.145,11.6,28.835
2024-04-07 11:30:00+00:00,1712489434,1872,173212,39.5,94.0,30.74,24.3,43.345
2024-04-07 11:32:00+00:00,1712489554,1872,173212,39.5,94.0,41.13,33.8,53.34
2024-04-07 11:34:00+00:00,1712489674,1872,173212,39.5,94.0,40.725,29.6,50.47
2024-04-07 11:36:00+00:00,1712489794,1872,173212,39.0,94.5,42.92,26.1,52.8
2024-04-07 11:38:00+00:00,1712489914,1872,173212,38.5,94.5,112.485,74.9,122.69
