date_time_utc,time_stamp,group_id,member_id,humidity,temperature,pm1.0_atm,pm2.5_alt,pm10.0_atm
2024-04-07 10:00:00+00:00,1712484115,1872,173211,44.5,88.5,6.115,4.8,8.505
2024-04-07 10:02:00+00:00,1712484234,1872,173211,44.5,88.5,6.47,4.9,9.365
2024-04-07 10:04:00+00:00,1712484354,1872,173211,44.5,88.0,6.12,4.8,8.27
2024-04-07 10:06:00+00:00,1712484475,1872,173211,44.5,88.5,6.095,4.6,8.405
2024-04-07 10:08:00+00:00,1712484594,1872,173211,44.5,88.5,6.175,4.8,8.54
2024-04-07 10:10:00+00:00,1712484714,1872,173211,44.5,88.5,5.975,4.8,8.24
2024-04-07 10:12:00+00:00,1712484834,1872,173211,44.5,88.5,6.125,4.9,8.425
2024-04-07 10:14:00+00:00,1712484955,1872,173211,44.5,88.5,5.755,4.6,8.09
2024-04-07 10:16:00+00:00,1712485074,1872,173211,44.5,88.5,6.27,5.0,8.97
2024-04-07 10:18:00+00:00,1712485194,1872,173211,44.5,88.5,6.495,4.9,9.13
2024-04-07 10:20:00+00:00,1712485314,1872,173211,44.5,88.5,6.565,4.8,8.85
2024-04-07 10:22:00+00:00,1712485434,1872,173211,44.5,88.5,5.975,4.9,7.75
2024-04-07 10:24:00+00:00,1712485565,1872,173211,0.0,0.0,0.0,0.0,0.0
2024-04-07 10:26:00+00:00,1712485565,1872,173211,44.5,88.5,6.07,4.5,8.32
2024-04-07 10:28:00+00:00,1712485685,1872,173211,44.5,88.5,6.14,4.7,8.53
2024-04-07 10:30:00+00:00,1712485805,1872,173211,44.5,88.5,5.825,4.7,8.19
2024-04-07 10:32:00+00:00,1712485925,1872,173211,44.5,89.0,5.805,4.7,7.68
2024-04-07 10:34:00+00:00,1712486045,1872,173211,43.5,89.0,5.495,4.5,7.62
2024-04-07 10:36:00+00:00,1712486165,1872,173211,43.5,89.5,5.56,4.4,7.4
2024-04-07 10:38:00+00:00,1712486285,1872,173211,43.0,90.0,5.4,4.6,7.785
2024-04-07 10:40:00+00:00,1712488205,1872,173211,0.0,0.0,0.0,0.0,0.0
2024-04-07 10:42:00+00:00,1712488205,1872,173211,0.0,0.0,0.0,0.0,0.0
2024-04-07 10:44:00+00:00,1712488205,1872,173211,0.0,0.0,0.0,0.0,0.0
2024-04-07 10:46:00+00:00,1712488205,1872,173211,0.0,0.0,0.0,0.0,0.0
2024-04-07 10:48:00+00:00,1712488205,1872,173211,0.0,0.0,0.0,0.0,0.0
2024-04-07 10:50:00+00:00,1712488205,1872,173211,0.0,0.0,0.0,0.0,0.0
2024-04-07 10:52:00+00:00,1712488205,1872,173211,0.0,0.0,0.0,0.0,0.0
2024-04-07 10:54:00+00:00,1712488205,1872,173211,0.0,0.0,0.0,0.0,0.0
2024-04-07 10:56:00+00:00,1712488205,1872,173211,0.0,0.0,0.0,0.0,0.0
2024-04-07 10:58:00+00:00,1712488205,1872,173211,0.0,0.0,0.0,0.0,0.0
2024-04-07 11:00:00+00:00,1712488205,1872,173211,0.0,0.0,0.0,0.0,0.0
2024-04-07 11:02:00+00:00,1712488205,1872,173211,0.0,0.0,0.0,0.0,0.0
2024-04-07 11:04:00+00:00,1712488205,1872,173211,0.0,0.0,0.0,0.0,0.0
2024-04-07 11:06:00+00:00,1712488205,1872,173211,0.0,0.0,0.0,0.0,0.0
2024-04-07 11:08:00+00:00,1712488205,1872,173211,0.0,0.0,0.0,0.0,0.0
2024-04-07 11:10:00+00:00,1712488205,1872,173211,40.0,93.0,4.94,4.1,6.81
2024-04-07 11:12:00+00:00,1712488325,1872,173211,40.0,93.0,5.005,4.2,7.06
2024-04-07 11:14:00+00:00,1712488445,1872,173211,40.5,92.5,5.065,4.1,6.46
2024-04-07 11:16:00+00:00,1712488565,1872,173211,40.5,92.5,4.735,3.7,6.495
2024-04-07 11:18:00+00:00,1712488685,1872,173211,40.5,93.0,4.525,3.8,6.125
2024-04-07 11:20:00+00:00,1712488805,1872,173211,40.5,93.0,4.715,4.1,6.22
2024-04-07 11:22:00+00:00,1712488925,1872,173211,40.5,93.0,4.775,4.0,6.345
2024-04-07 11:24:00+00:00,1712489045,1872,173211,40.0,93.5,4.56,3.7,5.695
2024-04-07 11:26:00+00:00,1712489166,1872,173211,40.0,93.5,4.635,4.0,6.3
2024-04-07 11:28:00+00:00,1712489286,1872,173211,40.0,93.5,4.785,3.9,6.42
2024-04-07 11:30:00+00:00,1712489406,1872,173211,39.5,93.5,4.58,3.9,6.14
2024-04-07 11:32:00+00:00,1712489526,1872,173211,39.5,94.0,4.205,3.6,5.65
2024-04-07 11:34:00+00:00,1712489646,1872,173211,39.0,94.0,4.325,3.8,5.825
2024-04-07 11:36:00+00:00,1712489766,1872,173211,39.0,94.0,4.0,3.8,5.865
2024-04-07 11:38:00+00:00,1712489886,1872,173211,39.0,94.0,3.965,3.3,5.72
