date_time_utc,time_stamp,group_id,member_id,humidity,temperature,pm1.0_atm,pm2.5_alt,pm10.0_atm
2024-04-07 14:00:00+00:00,1712498425,1872,173212,42.5,89.0,3.23,2.8,5.035
2024-04-07 14:02:00+00:00,1712498545,1872,173212,43.0,89.0,3.79,3.0,5.14
2024-04-07 14:04:00+00:00,1712498665,1872,173212,43.0,89.0,3.275,2.9,4.845
2024-04-07 14:06:00+00:00,1712498784,1872,173212,43.5,89.0,3.525,2.8,4.59
2024-04-07 14:08:00+00:00,1712498905,1872,173212,43.5,89.0,3.345,2.9,5.045
2024-04-07 14:10:00+00:00,1712499025,1872,173212,43.5,89.0,3.62,2.9,5.11
2024-04-07 14:12:00+00:00,1712499145,1872,173212,43.5,89.0,3.64,2.8,5.325
2024-04-07 14:14:00+00:00,1712499265,1872,173212,43.5,89.0,3.49,2.8,4.7
2024-04-07 14:16:00+00:00,1712499385,1872,173212,43.5,89.0,3.265,2.7,4.545
2024-04-07 14:18:00+00:00,1712499505,1872,173212,44.0,89.0,3.485,3.0,5.025
2024-04-07 14:20:00+00:00,1712499624,1872,173212,44.0,89.0,3.54,2.8,4.67
2024-04-07 14:22:00+00:00,1712499745,1872,173212,43.5,89.0,3.105,2.5,4.315
2024-04-07 14:24:00+00:00,1712499865,1872,173212,43.5,89.0,2.985,2.7,4.795
2024-04-07 14:26:00+00:00,1712499984,1872,173212,43.5,89.0,2.75,2.5,3.645
2024-04-07 14:28:00+00:00,1712500104,1872,173212,44.0,89.0,2.875,2.7,3.83
2024-04-07 14:30:00+00:00,1712500225,1872,173212,44.0,89.0,2.85,2.5,4.035
2024-04-07 14:32:00+00:00,1712500345,1872,173212,44.0,89.0,2.92,2.6,4.23
2024-04-07 14:34:00+00:00,1712500464,1872,173212,44.0,89.0,2.595,2.6,3.74
2024-04-07 14:36:00+00:00,1712500585,1872,173212,44.0,89.0,3.025,2.6,3.96
2024-04-07 14:38:00+00:00,1712500705,1872,173212,44.0,89.0,2.64,2.6,4.31
2024-04-07 14:40:00+00:00,1712500824,1872,173212,44.5,89.0,2.93,2.5,4.04
2024-04-07 14:42:00+00:00,1712500956,1872,173212,44.0,89.0,2.865,2.5,3.87
2024-04-07 14:44:00+00:00,1712501077,1872,173212,44.5,89.0,3.035,2.4,4.62
2024-04-07 14:46:00+00:00,1712501196,1872,173212,44.5,89.0,2.84,2.5,3.965
2024-04-07 14:48:00+00:00,1712501316,1872,173212,44.5,89.0,2.9,2.3,3.92
2024-04-07 14:50:00+00:00,1712501436,1872,173212,44.5,89.0,2.815,2.5,4.295
2024-04-07 14:52:00+00:00,1712501556,1872,173212,44.5,89.0,2.805,2.5,4.225
2024-04-07 14:54:00+00:00,1712501676,1872,173212,44.5,89.0,2.68,2.3,3.87
2024-04-07 14:56:00+00:00,1712501796,1872,173212,44.5,89.0,2.475,2.3,3.765
2024-04-07 14:58:00+00:00,1712501917,1872,173212,44.5,89.0,2.695,2.4,3.655
2024-04-07 15:00:00+00:00,1712502036,1872,173212,44.5,89.0,2.63,2.2,3.635
2024-04-07 15:02:00+00:00,1712502157,1872,173212,44.5,88.5,2.88,2.4,4.095
2024-04-07 15:04:00+00:00,1712502276,1872,173212,44.5,88.5,2.5,2.2,3.515
2024-04-07 15:06:00+00:00,1712502397,1872,173212,44.5,88.5,2.63,2.3,3.6
2024-04-07 15:08:00+00:00,1712502516,1872,173212,44.5,88.5,2.72,2.1,3.395
2024-04-07 15:10:00+00:00,1712502636,1872,173212,44.5,88.5,2.555,2.4,3.6
2024-04-07 15:12:00+00:00,1712502757,1872,173212,44.5,88.5,2.495,2.2,3.765
2024-04-07 15:14:00+00:00,1712502876,1872,173212,44.5,88.5,2.47,2.2,3.57
2024-04-07 15:16:00+00:00,1712502996,1872,173212,44.5,88.5,2.115,2.4,3.35
2024-04-07 15:18:00+00:00,1712503123,1872,173212,44.5,88.5,2.375,2.1,3.235
2024-04-07 15:20:00+00:00,1712503237,1872,173212,44.5,88.5,2.53,2.1,3.12
2024-04-07 15:22:00+00:00,1712503356,1872,173212,44.5,88.5,2.305,2.0,3.32
2024-04-07 15:24:00+00:00,1712503476,1872,173212,44.0,89.0,2.1,2.2,3.13
2024-04-07 15:26:00+00:00,1712503597,1872,173212,43.5,89.5,1.58,1.8,2.28
2024-04-07 15:28:00+00:00,1712503716,1872,173212,43.5,90.0,1.915,2.0,2.69
2024-04-07 15:30:00+00:00,1712503839,1872,173212,42.5,90.0,1.52,1.8,2.265
2024-04-07 15:32:00+00:00,1712503957,1872,173212,42.5,90.5,1.71,1.7,2.14
2024-04-07 15:34:00+00:00,1712504077,1872,173212,42.0,90.5,1.52,1.8,2.06
2024-04-07 15:36:00+00:00,1712504196,1872,173212,41.5,91.0,1.815,2.0,2.875
2024-04-07 15:38:00+00:00,1712504316,1872,173212,41.5,91.5,1.615,1.8,2.53
2024-04-07 15:40:00+00:00,1712504437,1872,173212,41.5,91.5,1.525,1.7,2.11
2024-04-07 15:42:00+00:00,1712504557,1872,173212,40.5,91.5,1.525,1.8,2.595
2024-04-07 15:44:00+00:00,1712504677,1872,173212,40.5,91.5,1.475,1.7,2.41
2024-04-07 15:46:00+00:00,1712504797,1872,173212,40.5,92.0,1.375,1.6,2.2
2024-04-07 15:48:00+00:00,1712504917,1872,173212,40.5,92.0,1.695,1.6,2.315
2024-04-07 15:50:00+00:00,1712505037,1872,173212,40.0,92.5,1.63,1.6,2.43
2024-04-07 15:52:00+00:00,1712505157,1872,173212,40.0,91.0,1.235,1.6,1.875
2024-04-07 15:54:00+00:00,1712505277,1872,173212,43.0,88.0,1.86,1.7,2.89
2024-04-07 15:56:00+00:00,1712505397,1872,173212,45.0,87.0,1.56,1.6,2.26
2024-04-07 15:58:00+00:00,1712505517,1872,173212,46.0,86.0,1.725,1.6,2.47
2024-04-07 16:00:00+00:00,1712505637,1872,173212,47.0,85.5,1.6,1.6,2.04
2024-04-07 16:02:00+00:00,1712505757,1872,173212,48.0,85.5,1.895,1.7,2.32
2024-04-07 16:04:00+00:00,1712505877,1872,173212,48.0,85.0,1.64,1.7,2.33
2024-04-07 16:06:00+00:00,1712505997,1872,173212,48.5,84.5,1.66,1.7,2.435
2024-04-07 16:08:00+00:00,1712506117,1872,173212,49.0,84.5,1.55,1.6,2.495
2024-04-07 16:10:00+00:00,1712506237,1872,173212,48.0,85.5,1.955,1.7,2.6
2024-04-07 16:12:00+00:00,1712506357,1872,173212,47.0,86.5,1.835,1.7,2.6
2024-04-07 16:14:00+00:00,1712506477,1872,173212,46.0,87.5,1.67,1.8,2.255
2024-04-07 16:16:00+00:00,1712506597,1872,173212,45.5,87.5,1.61,1.8,2.405
2024-04-07 16:18:00+00:00,1712506717,1872,173212,45.5,87.5,1.6,1.6,1.995
2024-04-07 16:20:00+00:00,1712506837,1872,173212,45.0,87.5,2.005,1.9,2.89
2024-04-07 16:22:00+00:00,1712506957,1872,173212,44.5,88.0,1.95,1.7,2.915
2024-04-07 16:24:00+00:00,1712507077,1872,173212,44.5,88.0,1.73,1.8,2.325
2024-04-07 16:26:00+00:00,1712507197,1872,173212,44.5,88.0,1.59,1.8,2.095
2024-04-07 16:28:00+00:00,1712507317,1872,173212,44.5,88.0,1.27,1.7,2.045
2024-04-07 16:30:00+00:00,1712507437,1872,173212,44.5,88.0,1.77,1.6,2.56
2024-04-07 16:32:00+00:00,1712507557,1872,173212,44.0,88.0,1.785,1.7,2.41
2024-04-07 16:34:00+00:00,1712507677,1872,173212,44.0,88.5,1.725,1.9,2.68
2024-04-07 16:36:00+00:00,1712507797,1872,173212,44.0,88.0,1.76,1.6,2.305
2024-04-07 16:38:00+00:00,1712507917,1872,173212,44.0,88.5,1.815,1.8,2.455
2024-04-07 16:40:00+00:00,1712508037,1872,173212,44.0,88.5,2.02,1.8,2.7
2024-04-07 16:42:00+00:00,1712508158,1872,173212,44.0,88.0,1.97,1.7,2.425
2024-04-07 16:44:00+00:00,1712508278,1872,173212,44.0,88.5,1.895,1.7,2.33
2024-04-07 16:46:00+00:00,1712508398,1872,173212,43.5,88.5,2.225,1.9,2.745
2024-04-07 16:48:00+00:00,1712508518,1872,173212,43.5,89.0,1.655,1.9,2.565
2024-04-07 16:50:00+00:00,1712508639,1872,173212,43.5,89.0,1.69,1.9,2.27
2024-04-07 16:52:00+00:00,1712508758,1872,173212,42.5,89.5,1.36,1.8,2.095
2024-04-07 16:54:00+00:00,1712508879,1872,173212,42.5,90.0,1.39,1.6,2.03
2024-04-07 16:56:00+00:00,1712508998,1872,173212,41.5,90.0,1.555,1.7,2.01
2024-04-07 16:58:00+00:00,1712509118,1872,173212,41.5,90.5,1.755,1.7,2.255
2024-04-07 17:00:00+00:00,1712509238,1872,173212,41.5,90.5,1.51,1.8,2.12
2024-04-07 17:02:00+00:00,1712509358,1872,173212,41.0,91.0,1.465,1.6,2.085
2024-04-07 17:04:00+00:00,1712509478,1872,173212,40.5,91.0,1.23,1.5,1.905
2024-04-07 17:06:00+00:00,1712509598,1872,173212,40.5,91.5,1.665,1.5,2.13
2024-04-07 17:08:00+00:00,1712509719,1872,173212,40.0,91.5,1.47,1.6,2.17
2024-04-07 17:10:00+00:00,1712509838,1872,173212,40.0,91.5,1.165,1.6,1.73
2024-04-07 17:12:00+00:00,1712509959,1872,173212,39.5,92.0,1.41,1.5,1.965
2024-04-07 17:14:00+00:00,1712510163,1872,173212,0.0,0.0,0.0,0.0,0.0
2024-04-07 17:16:00+00:00,1712510163,1872,173212,39.5,92.0,1.345,1.5,1.925
2024-04-07 17:18:00+00:00,1712510283,1872,173212,40.5,89.0,1.405,1.6,1.975
2024-04-07 17:20:00+00:00,1712510402,1872,173212,43.0,87.0,1.715,1.5,2.15
2024-04-07 17:22:00+00:00,1712510523,1872,173212,45.0,86.0,1.51,1.4,1.925
2024-04-07 17:24:00+00:00,1712510643,1872,173212,46.0,85.5,1.445,1.5,2.155
2024-04-07 17:26:00+00:00,1712510763,1872,173212,47.0,85.0,1.445,1.5,1.755
2024-04-07 17:28:00+00:00,1712510883,1872,173212,47.0,84.5,1.575,1.6,2.1
