date_time_utc,time_stamp,group_id,member_id,humidity,temperature,pm1.0_atm,pm2.5_alt,pm10.0_atm
2024-04-07 14:00:00+00:00,1712498486,1872,173213,41.5,88.5,2.995,2.5,4.035
2024-04-07 14:02:00+00:00,1712498606,1872,173213,41.5,88.5,3.34,2.8,4.82
2024-04-07 14:04:00+00:00,1712498726,1872,173213,41.5,88.5,3.515,2.7,4.825
2024-04-07 14:06:00+00:00,1712498847,1872,173213,42.0,88.5,3.045,2.6,3.985
2024-04-07 14:08:00+00:00,1712498966,1872,173213,41.5,88.5,3.585,2.7,4.57
2024-04-07 14:10:00+00:00,1712499086,1872,173213,42.0,88.5,3.12,2.7,4.285
2024-04-07 14:12:00+00:00,1712499206,1872,173213,42.0,88.5,3.33,2.5,4.345
2024-04-07 14:14:00+00:00,1712499326,1872,173213,42.0,88.5,3.175,2.8,4.375
2024-04-07 14:16:00+00:00,1712499446,1872,173213,42.0,88.5,3.2,2.7,4.225
2024-04-07 14:18:00+00:00,1712499566,1872,173213,42.0,88.5,3.19,2.5,4.48
2024-04-07 14:20:00+00:00,1712499686,1872,173213,42.0,88.5,3.06,2.4,3.855
2024-04-07 14:22:00+00:00,1712499806,1872,173213,42.0,88.5,3.06,2.3,3.965
2024-04-07 14:24:00+00:00,1712499926,1872,173213,42.5,88.5,3.065,2.5,4.27
2024-04-07 14:26:00+00:00,1712500047,1872,173213,42.5,88.5,2.905,2.4,3.98
2024-04-07 14:28:00+00:00,1712500166,1872,173213,42.5,88.5,2.905,2.4,3.785
2024-04-07 14:30:00+00:00,1712500287,1872,173213,42.5,88.5,2.76,2.3,3.695
2024-04-07 14:32:00+00:00,1712500407,1872,173213,42.5,88.5,2.89,2.3,4.03
2024-04-07 14:34:00+00:00,1712500526,1872,173213,42.5,88.5,2.86,2.1,3.88
2024-04-07 14:36:00+00:00,1712500647,1872,173213,42.5,88.5,2.64,2.3,3.58
2024-04-07 14:38:00+00:00,1712500766,1872,173213,43.0,88.5,2.455,2.2,3.32
2024-04-07 14:40:00+00:00,1712500887,1872,173213,42.5,88.5,2.84,2.4,3.85
2024-04-07 14:42:00+00:00,1712501006,1872,173213,42.5,88.5,2.7,2.1,3.935
2024-04-07 14:44:00+00:00,1712501126,1872,173213,43.0,88.5,2.66,2.2,3.18
2024-04-07 14:46:00+00:00,1712501246,1872,173213,43.0,88.5,2.655,2.2,3.4
2024-04-07 14:48:00+00:00,1712501379,1872,173213,42.5,88.5,2.59,2.1,3.505
2024-04-07 14:50:00+00:00,1712501499,1872,173213,43.0,88.5,2.81,2.2,3.795
2024-04-07 14:52:00+00:00,1712501619,1872,173213,43.0,88.5,2.475,2.2,3.535
2024-04-07 14:54:00+00:00,1712501739,1872,173213,43.0,88.5,2.705,2.1,3.225
2024-04-07 14:56:00+00:00,1712501859,1872,173213,43.0,88.5,2.645,2.3,3.575
2024-04-07 14:58:00+00:00,1712501979,1872,173213,43.0,88.5,2.48,2.0,3.115
2024-04-07 15:00:00+00:00,1712502099,1872,173213,43.0,88.5,2.145,1.7,2.93
2024-04-07 15:02:00+00:00,1712502219,1872,173213,43.0,88.5,2.675,2.1,3.475
2024-04-07 15:04:00+00:00,1712502339,1872,173213,43.0,88.5,2.37,2.1,3.1
2024-04-07 15:06:00+00:00,1712502459,1872,173213,43.0,88.5,2.38,2.0,3.14
2024-04-07 15:08:00+00:00,1712502579,1872,173213,43.0,88.5,2.455,2.0,3.665
2024-04-07 15:10:00+00:00,1712502699,1872,173213,43.0,88.5,2.46,2.0,3.335
2024-04-07 15:12:00+00:00,1712502819,1872,173213,43.0,88.5,2.34,1.9,2.94
2024-04-07 15:14:00+00:00,1712502939,1872,173213,43.0,88.5,2.3,1.9,3.295
2024-04-07 15:16:00+00:00,1712503059,1872,173213,43.0,88.0,2.2,1.9,2.975
2024-04-07 15:18:00+00:00,1712503179,1872,173213,43.0,88.5,2.41,2.1,3.1
2024-04-07 15:20:00+00:00,1712503299,1872,173213,42.5,90.5,2.155,1.9,2.77
2024-04-07 15:22:00+00:00,1712503419,1872,173213,38.5,94.0,1.325,1.7,2.28
2024-04-07 15:24:00+00:00,1712503539,1872,173213,34.5,97.0,1.395,1.7,2.075
2024-04-07 15:26:00+00:00,1712503659,1872,173213,32.0,100.0,1.23,1.7,2.025
2024-04-07 15:28:00+00:00,1712503779,1872,173213,29.5,102.0,1.075,1.7,1.58
2024-04-07 15:30:00+00:00,1712503899,1872,173213,28.0,104.0,0.91,1.6,1.385
2024-04-07 15:32:00+00:00,1712504019,1872,173213,26.5,106.0,1.305,1.6,1.7
2024-04-07 15:34:00+00:00,1712504139,1872,173213,25.0,107.0,0.625,1.4,1.355
2024-04-07 15:36:00+00:00,1712504259,1872,173213,25.0,108.0,0.69,1.4,1.3
2024-04-07 15:38:00+00:00,1712504379,1872,173213,24.0,109.0,0.985,1.5,1.79
2024-04-07 15:40:00+00:00,1712504499,1872,173213,23.0,110.0,0.975,1.4,1.335
2024-04-07 15:42:00+00:00,1712504619,1872,173213,22.5,111.0,0.675,1.3,0.87
2024-04-07 15:44:00+00:00,1712504739,1872,173213,22.0,112.0,0.525,1.4,1.35
2024-04-07 15:46:00+00:00,1712504859,1872,173213,21.5,112.5,0.42,1.4,1.01
2024-04-07 15:48:00+00:00,1712504991,1872,173213,21.0,113.0,0.285,1.4,1.1
2024-04-07 15:50:00+00:00,1712505111,1872,173213,22.0,111.0,0.415,1.2,0.775
2024-04-07 15:52:00+00:00,1712505231,1872,173213,24.0,107.0,0.33,1.2,0.845
2024-04-07 15:54:00+00:00,1712505351,1872,173213,27.0,103.5,0.695,1.3,1.05
2024-04-07 15:56:00+00:00,1712505471,1872,173213,29.0,99.5,0.7,1.2,1.065
2024-04-07 15:58:00+00:00,1712505591,1872,173213,32.0,97.0,0.745,1.2,1.325
2024-04-07 16:00:00+00:00,1712505711,1872,173213,34.0,94.5,1.185,1.3,1.625
2024-04-07 16:02:00+00:00,1712505831,1872,173213,36.0,92.5,1.325,1.4,1.91
2024-04-07 16:04:00+00:00,1712505951,1872,173213,37.5,91.5,1.22,1.3,1.74
2024-04-07 16:06:00+00:00,1712506071,1872,173213,39.0,89.5,1.45,1.5,1.99
2024-04-07 16:08:00+00:00,1712506191,1872,173213,40.0,89.5,1.335,1.3,1.8
2024-04-07 16:10:00+00:00,1712506311,1872,173213,40.5,88.5,1.685,1.5,2.12
2024-04-07 16:12:00+00:00,1712506431,1872,173213,41.5,88.5,1.36,1.5,2.005
2024-04-07 16:14:00+00:00,1712506551,1872,173213,41.5,88.5,1.78,1.6,2.41
2024-04-07 16:16:00+00:00,1712506671,1872,173213,41.5,88.5,1.77,1.5,2.425
2024-04-07 16:18:00+00:00,1712506791,1872,173213,42.0,88.5,1.6,1.7,1.98
2024-04-07 16:20:00+00:00,1712506911,1872,173213,41.5,88.5,1.615,1.4,2.14
2024-04-07 16:22:00+00:00,1712507031,1872,173213,41.5,88.5,1.875,1.6,2.55
2024-04-07 16:24:00+00:00,1712507151,1872,173213,41.5,88.5,1.695,1.6,2.33
2024-04-07 16:26:00+00:00,1712507271,1872,173213,42.0,88.5,1.87,1.6,2.345
2024-04-07 16:28:00+00:00,1712507391,1872,173213,41.5,88.5,1.895,1.6,2.395
2024-04-07 16:30:00+00:00,1712507511,1872,173213,41.5,88.5,2.095,1.8,2.74
2024-04-07 16:32:00+00:00,1712507631,1872,173213,42.0,88.5,1.755,1.7,2.385
2024-04-07 16:34:00+00:00,1712507751,1872,173213,41.5,88.5,1.83,1.6,2.12
2024-04-07 16:36:00+00:00,1712507871,1872,173213,41.5,88.5,1.46,1.6,2.2
2024-04-07 16:38:00+00:00,1712507991,1872,173213,42.0,88.5,1.705,1.5,2.155
2024-04-07 16:40:00+00:00,1712508111,1872,173213,42.0,88.5,1.595,1.8,2.11
2024-04-07 16:42:00+00:00,1712508231,1872,173213,42.0,88.5,1.72,1.6,2.115
2024-04-07 16:44:00+00:00,1712508351,1872,173213,42.0,88.5,1.47,1.7,2.185
2024-04-07 16:46:00+00:00,1712508471,1872,173213,38.5,93.0,0.82,1.6,1.635
2024-04-07 16:48:00+00:00,1712508603,1872,173213,0.0,0.0,0.0,0.0,0.0
2024-04-07 16:50:00+00:00,1712508603,1872,173213,34.5,96.0,0.725,1.4,1.275
2024-04-07 16:52:00+00:00,1712508723,1872,173213,32.0,99.0,0.945,1.5,1.395
2024-04-07 16:54:00+00:00,1712508843,1872,173213,30.0,101.0,0.74,1.4,1.175
2024-04-07 16:56:00+00:00,1712508963,1872,173213,28.0,103.0,0.765,1.4,1.22
2024-04-07 16:58:00+00:00,1712509083,1872,173213,27.0,104.0,0.67,1.3,1.075
2024-04-07 17:00:00+00:00,1712509203,1872,173213,25.5,106.0,0.495,1.4,1.195
2024-04-07 17:02:00+00:00,1712509323,1872,173213,24.0,108.0,0.515,1.3,0.945
2024-04-07 17:04:00+00:00,1712509443,1872,173213,23.0,109.5,0.66,1.4,1.125
2024-04-07 17:06:00+00:00,1712509563,1872,173213,22.0,111.0,0.405,1.3,0.915
2024-04-07 17:08:00+00:00,1712509683,1872,173213,21.5,112.0,0.065,1.1,0.575
2024-04-07 17:10:00+00:00,1712509803,1872,173213,20.5,113.0,0.245,1.2,0.475
2024-04-07 17:12:00+00:00,1712509923,1872,173213,20.0,111.5,0.125,1.1,0.4
2024-04-07 17:14:00+00:00,1712510043,1872,173213,22.5,107.5,0.57,1.3,1.195
2024-04-07 17:16:00+00:00,1712510163,1872,173213,24.0,104.5,0.885,1.2,0.985
2024-04-07 17:18:00+00:00,1712510283,1872,173213,26.0,103.0,0.565,1.2,1.14
2024-04-07 17:20:00+00:00,1712510403,1872,173213,29.0,99.5,0.56,1.1,0.94
2024-04-07 17:22:00+00:00,1712510523,1872,173213,31.5,96.5,0.85,1.3,1.495
2024-04-07 17:24:00+00:00,1712510643,1872,173213,34.0,93.5,0.89,1.3,1.4
2024-04-07 17:26:00+00:00,1712510763,1872,173213,36.5,91.5,1.13,1.3,1.55
2024-04-07 17:28:00+00:00,1712510883,1872,173213,38.5,90.0,1.36,1.2,1.68
