date_time_utc,time_stamp,group_id,member_id,humidity,temperature,pm1.0_atm,pm2.5_alt,pm10.0_atm
2024-04-10 05:00:00+00:00,1712725233,1872,173212,34.5,28.1,0.915,1.1,1.63
2024-04-10 05:02:00+00:00,1712725353,1872,173212,34.5,28.1,0.64,1.2,1.565
2024-04-10 05:04:00+00:00,1712725473,1872,173212,34.5,28.1,0.52,1.1,1.23
2024-04-10 05:06:00+00:00,1712725593,1872,173212,34.5,28.1,0.695,1.2,1.765
2024-04-10 05:08:00+00:00,1712725713,1872,173212,34.5,28.1,0.33,0.8,1.13
2024-04-10 05:10:00+00:00,1712725834,1872,173212,34.5,28.1,0.395,1.0,1.23
2024-04-10 05:12:00+00:00,1712725954,1872,173212,34.5,28.1,0.115,0.9,1.1
2024-04-10 05:14:00+00:00,1712726073,1872,173212,34.5,28.1,0.225,0.9,0.86
2024-04-10 05:16:00+00:00,1712726193,1872,173212,34.5,28.1,0.175,0.7,1.105
2024-04-10 05:18:00+00:00,1712726314,1872,173212,34.5,28.1,0.195,0.7,1.05
2024-04-10 05:20:00+00:00,1712726433,1872,173212,34.5,28.1,0.19,0.7,1.315
2024-04-10 05:22:00+00:00,1712726553,1872,173212,34.5,28.1,0.05,0.8,1.015
2024-04-10 05:24:00+00:00,1712726673,1872,173212,34.5,28.1,0.135,0.9,1.28
2024-04-10 05:26:00+00:00,1712726794,1872,173212,34.5,28.1,0.11,0.8,0.955
2024-04-10 05:28:00+00:00,1712726914,1872,173212,34.5,28.1,0.095,0.8,0.965
2024-04-10 05:30:00+00:00,1712727033,1872,173212,34.5,28.1,0.035,0.7,1.035
2024-04-10 05:32:00+00:00,1712727153,1872,173212,34.5,28.1,0.0,0.8,0.955
2024-04-10 05:34:00+00:00,1712727865,1872,173212,0.0,0.0,0.0,0.0,0.0
2024-04-10 05:36:00+00:00,1712727865,1872,173212,0.0,0.0,0.0,0.0,0.0
2024-04-10 05:38:00+00:00,1712727865,1872,173212,0.0,0.0,0.0,0.0,0.0
2024-04-10 05:40:00+00:00,1712727865,1872,173212,0.0,0.0,0.0,0.0,0.0
2024-04-10 05:42:00+00:00,1712727865,1872,173212,0.0,0.0,0.0,0.0,0.0
2024-04-10 05:44:00+00:00,1712727865,1872,173212,40.5,26.9,2.975,2.9,5.855
2024-04-10 05:46:00+00:00,1712727986,1872,173212,38.5,27.2,4.91,4.5,8.005
2024-04-10 05:48:00+00:00,1712728105,1872,173212,37.5,27.5,7.78,6.4,10.53
