date_time_utc,time_stamp,group_id,member_id,humidity,temperature,pm1.0_atm,pm2.5_alt,pm10.0_atm
2024-04-10 05:00:00+00:00,1712725258,1872,173211,34.5,27.8,0.715,1.3,1.635
2024-04-10 05:02:00+00:00,1712725378,1872,173211,34.5,27.8,0.795,1.6,1.71
2024-04-10 05:04:00+00:00,1712725498,1872,173211,34.5,27.8,0.86,1.8,1.715
2024-04-10 05:06:00+00:00,1712725618,1872,173211,34.5,27.8,0.76,1.9,1.675
2024-04-10 05:08:00+00:00,1712725738,1872,173211,34.5,27.8,0.405,1.4,1.68
2024-04-10 05:10:00+00:00,1712725858,1872,173211,34.5,27.8,0.28,1.0,1.71
2024-04-10 05:12:00+00:00,1712725978,1872,173211,34.5,27.8,0.375,0.9,0.955
2024-04-10 05:14:00+00:00,1712726098,1872,173211,34.5,27.8,0.405,1.6,1.215
2024-04-10 05:16:00+00:00,1712726218,1872,173211,34.5,27.8,1.22,2.5,2.24
2024-04-10 05:18:00+00:00,1712726338,1872,173211,34.5,27.8,1.145,2.5,1.87
2024-04-10 05:20:00+00:00,1712726458,1872,173211,34.5,27.8,1.815,3.3,2.695
2024-04-10 05:22:00+00:00,1712726578,1872,173211,34.5,27.8,2.615,4.2,3.685
2024-04-10 05:24:00+00:00,1712726698,1872,173211,34.5,27.8,0.87,2.2,1.705
2024-04-10 05:26:00+00:00,1712726818,1872,173211,35.5,27.8,1.765,3.7,3.625
2024-04-10 05:28:00+00:00,1712726938,1872,173211,34.5,28.1,1.775,3.9,3.135
2024-04-10 05:30:00+00:00,1712727058,1872,173211,35.5,28.1,2.495,4.9,4.315
2024-04-10 05:32:00+00:00,1712727178,1872,173211,35.5,28.1,0.31,1.6,1.27
2024-04-10 05:34:00+00:00,1712727298,1872,173211,35.5,28.1,1.115,2.9,2.165
2024-04-10 05:36:00+00:00,1712727418,1872,173211,35.5,28.1,2.36,3.3,4.45
2024-04-10 05:38:00+00:00,1712727538,1872,173211,35.5,28.1,2.77,3.6,4.03
2024-04-10 05:40:00+00:00,1712727659,1872,173211,37.0,28.1,6.28,5.1,10.32
2024-04-10 05:42:00+00:00,1712727778,1872,173211,36.5,28.1,3.595,4.2,5.16
2024-04-10 05:44:00+00:00,1712727898,1872,173211,35.5,28.1,4.26,5.5,5.92
2024-04-10 05:46:00+00:00,1712728018,1872,173211,35.5,28.3,6.305,7.0,8.52
2024-04-10 05:48:00+00:00,1712728138,1872,173211,35.5,28.1,6.935,5.8,10.32
2024-04-10 05:50:00+00:00,1712728258,1872,173211,35.5,28.3,5.9,4.9,8.515
2024-04-10 05:52:00+00:00,1712728378,1872,173211,35.5,28.3,6.54,6.2,8.61
2024-04-10 05:54:00+00:00,1712728499,1872,173211,35.5,28.3,5.97,6.3,7.875
2024-04-10 05:56:00+00:00,1712728618,1872,173211,35.0,28.1,5.435,4.8,7.17
2024-04-10 05:58:00+00:00,1712728738,1872,173211,35.0,28.1,5.7,5.6,7.415
2024-04-10 06:00:00+00:00,1712728858,1872,173211,35.5,28.3,7.06,7.4,9.235
2024-04-10 06:02:00+00:00,1712728978,1872,173211,35.5,28.1,6.545,6.5,8.165
2024-04-10 06:04:00+00:00,1712729098,1872,173211,35.5,28.3,6.225,5.6,8.575
2024-04-10 06:06:00+00:00,1712729218,1872,173211,35.5,28.3,8.89,6.7,11.415
2024-04-10 06:08:00+00:00,1712729338,1872,173211,35.5,28.3,7.545,6.1,9.925
2024-04-10 06:10:00+00:00,1712729458,1872,173211,35.5,28.3,6.53,5.9,8.065
2024-04-10 06:12:00+00:00,1712729578,1872,173211,35.5,28.3,5.56,4.9,7.485
2024-04-10 06:14:00+00:00,1712729698,1872,173211,35.5,28.1,7.745,7.2,9.965
2024-04-10 06:16:00+00:00,1712729818,1872,173211,35.5,28.3,5.91,5.9,8.025
2024-04-10 06:18:00+00:00,1712729938,1872,173211,35.5,28.3,6.665,7.1,8.44
2024-04-10 06:20:00+00:00,1712730058,1872,173211,35.5,28.3,5.595,6.5,7.345
2024-04-10 06:22:00+00:00,1712730178,1872,173211,35.5,28.3,6.12,7.1,8.13
2024-04-10 06:24:00+00:00,1712730298,1872,173211,35.5,28.3,6.36,6.2,8.8
2024-04-10 06:26:00+00:00,1712730418,1872,173211,35.5,28.3,5.505,5.5,7.255
2024-04-10 06:28:00+00:00,1712730538,1872,173211,35.5,28.3,7.61,8.2,9.615
2024-04-10 06:30:00+00:00,1712730658,1872,173211,35.5,28.3,7.85,8.1,9.65
2024-04-10 06:32:00+00:00,1712730779,1872,173211,35.5,28.3,5.79,5.8,8.37
2024-04-10 06:34:00+00:00,1712730899,1872,173211,35.5,28.1,7.375,6.2,9.855
2024-04-10 06:36:00+00:00,1712731021,1872,173211,35.5,28.3,8.19,7.2,11.17
2024-04-10 06:38:00+00:00,1712731139,1872,173211,35.5,28.3,8.1,8.3,10.645
2024-04-10 06:40:00+00:00,1712731259,1872,173211,35.5,28.3,7.11,7.1,9.495
2024-04-10 06:42:00+00:00,1712731379,1872,173211,35.5,28.3,6.11,5.6,8.925
2024-04-10 06:44:00+00:00,1712731499,1872,173211,35.5,28.3,6.655,6.4,8.765
2024-04-10 06:46:00+00:00,1712731620,1872,173211,35.5,28.3,7.555,7.9,9.65
2024-04-10 06:48:00+00:00,1712731739,1872,173211,35.5,28.3,8.855,8.1,10.7
2024-04-10 06:50:00+00:00,1712731859,1872,173211,35.5,28.3,6.295,6.0,7.915
2024-04-10 06:52:00+00:00,1712731979,1872,173211,35.5,28.3,6.665,6.2,8.735
2024-04-10 06:54:00+00:00,1712732099,1872,173211,35.5,28.3,7.73,6.8,10.235
2024-04-10 06:56:00+00:00,1712732219,1872,173211,35.5,28.3,6.805,6.3,8.73
2024-04-10 06:58:00+00:00,1712732339,1872,173211,35.5,28.3,7.77,6.7,9.15
2024-04-10 07:00:00+00:00,1712732459,1872,173211,35.5,28.3,8.295,6.7,10.38
2024-04-10 07:02:00+00:00,1712732579,1872,173211,35.5,28.3,6.26,5.3,8.29
2024-04-10 07:04:00+00:00,1712732699,1872,173211,35.5,28.3,5.16,4.2,6.69
2024-04-10 07:06:00+00:00,1712732819,1872,173211,35.5,28.3,3.965,4.0,6.035
2024-04-10 07:08:00+00:00,1712732939,1872,173211,35.5,28.3,3.575,3.8,5.175
2024-04-10 07:10:00+00:00,1712733059,1872,173211,35.5,28.3,3.47,3.4,4.885
2024-04-10 07:12:00+00:00,1712733179,1872,173211,35.5,28.3,3.515,3.4,4.87
2024-04-10 07:14:00+00:00,1712733299,1872,173211,35.5,28.3,3.63,3.8,5.43
2024-04-10 07:16:00+00:00,1712733419,1872,173211,35.5,28.3,3.39,3.1,4.595
2024-04-10 07:18:00+00:00,1712733539,1872,173211,35.5,28.3,4.06,4.4,5.165
2024-04-10 07:20:00+00:00,1712733659,1872,173211,35.5,28.3,5.845,6.2,7.57
2024-04-10 07:22:00+00:00,1712733779,1872,173211,35.5,28.3,14.415,10.5,18.565
2024-04-10 07:24:00+00:00,1712733899,1872,173211,35.5,28.1,12.88,9.5,17.89
2024-04-10 07:26:00+00:00,1712734019,1872,173211,35.5,28.1,16.495,12.4,20.77
2024-04-10 07:28:00+00:00,1712734139,1872,173211,35.5,28.1,14.98,11.1,18.805
2024-04-10 07:30:00+00:00,1712734259,1872,173211,35.5,28.1,11.22,8.8,14.335
2024-04-10 07:32:00+00:00,1712734380,1872,173211,35.0,28.1,10.445,8.6,12.985
2024-04-10 07:34:00+00:00,1712734500,1872,173211,35.5,28.1,9.695,8.0,12.25
2024-04-10 07:36:00+00:00,1712734620,1872,173211,35.5,28.1,12.705,10.6,16.445
2024-04-10 07:38:00+00:00,1712734740,1872,173211,35.5,28.1,14.135,10.8,18.38
2024-04-10 07:40:00+00:00,1712734860,1872,173211,35.5,28.1,18.59,14.3,25.61
2024-04-10 07:42:00+00:00,1712734980,1872,173211,35.5,28.1,14.405,10.8,18.96
2024-04-10 07:44:00+00:00,1712735100,1872,173211,35.5,28.1,14.22,10.4,18.51
2024-04-10 07:46:00+00:00,1712735220,1872,173211,35.5,28.1,10.97,8.3,14.29
2024-04-10 07:48:00+00:00,1712735340,1872,173211,35.5,28.1,10.14,7.7,12.9
2024-04-10 07:50:00+00:00,1712735460,1872,173211,35.5,28.1,11.72,9.5,15.305
2024-04-10 07:52:00+00:00,1712735580,1872,173211,35.5,28.3,12.27,9.1,15.825
2024-04-10 07:54:00+00:00,1712735700,1872,173211,35.5,28.1,11.42,8.8,14.155
2024-04-10 07:56:00+00:00,1712735820,1872,173211,35.5,28.1,7.94,6.2,9.775
2024-04-10 07:58:00+00:00,1712735940,1872,173211,35.5,28.1,7.31,6.3,8.55
2024-04-10 08:00:00+00:00,1712736060,1872,173211,35.5,28.1,44.8,6.2,18.5
2024-04-10 08:02:00+00:00,1712736180,1872,173211,35.5,28.1,55.0,6.8,20.3
