date_time_utc,time_stamp,group_id,member_id,humidity,temperature,pm1.0_atm,pm2.5_alt,pm10.0_atm
2024-04-10 05:00:00+00:00,1712725223,1872,173210,33.5,28.1,0.515,1.1,1.88
2024-04-10 05:02:00+00:00,1712725343,1872,173210,33.0,28.1,0.235,0.9,1.275
2024-04-10 05:04:00+00:00,1712725463,1872,173210,33.0,28.1,0.56,1.0,1.235
2024-04-10 05:06:00+00:00,1712725583,1872,173210,33.0,28.1,0.41,1.0,1.305
2024-04-10 05:08:00+00:00,1712725703,1872,173210,33.0,28.1,0.37,0.9,1.365
2024-04-10 05:10:00+00:00,1712725823,1872,173210,33.0,28.1,0.27,1.0,1.605
2024-04-10 05:12:00+00:00,1712725943,1872,173210,33.0,28.1,0.085,0.9,1.08
2024-04-10 05:14:00+00:00,1712726063,1872,173210,33.0,28.1,0.04,0.8,1.05
2024-04-10 05:16:00+00:00,1712726183,1872,173210,33.0,28.1,0.0,0.7,0.995
2024-04-10 05:18:00+00:00,1712726303,1872,173210,33.0,28.1,0.035,0.8,1.04
2024-04-10 05:20:00+00:00,1712726423,1872,173210,33.0,28.1,0.045,0.7,1.14
2024-04-10 05:22:00+00:00,1712726543,1872,173210,33.5,28.1,0.125,0.7,0.89
2024-04-10 05:24:00+00:00,1712726663,1872,173210,33.5,28.1,0.0,0.7,0.64
2024-04-10 05:26:00+00:00,1712726783,1872,173210,33.5,28.1,0.01,0.6,0.635
2024-04-10 05:28:00+00:00,1712726903,1872,173210,33.0,28.1,0.015,0.6,0.705
2024-04-10 05:30:00+00:00,1712727023,1872,173210,33.5,28.1,0.025,0.6,0.63
2024-04-10 05:32:00+00:00,1712727143,1872,173210,34.0,28.1,0.04,0.9,1.15
2024-04-10 05:34:00+00:00,1712727263,1872,173210,34.0,28.1,0.165,0.9,1.005
2024-04-10 05:36:00+00:00,1712727383,1872,173210,34.0,28.1,0.765,1.2,1.515
2024-04-10 05:38:00+00:00,1712727503,1872,173210,34.0,28.1,1.895,1.8,3.03
2024-04-10 05:40:00+00:00,1712727623,1872,173210,34.5,28.1,3.63,3.1,5.185
2024-04-10 05:42:00+00:00,1712727743,1872,173210,34.0,28.1,3.03,2.7,5.14
2024-04-10 05:44:00+00:00,1712727863,1872,173210,34.0,28.1,3.295,3.0,4.94
2024-04-10 05:46:00+00:00,1712727983,1872,173210,34.0,28.3,6.725,5.2,8.9
2024-04-10 05:48:00+00:00,1712728103,1872,173210,34.0,28.3,7.945,6.2,10.92
2024-04-10 05:50:00+00:00,1712728223,1872,173210,34.0,28.1,8.62,6.2,11.33
2024-04-10 05:52:00+00:00,1712728343,1872,173210,34.0,28.1,6.185,5.0,8.595
2024-04-10 05:54:00+00:00,1712728463,1872,173210,34.0,28.1,5.105,3.8,7.2
2024-04-10 05:56:00+00:00,1712728583,1872,173210,34.0,28.3,5.48,4.3,7.385
2024-04-10 05:58:00+00:00,1712728703,1872,173210,34.0,28.3,5.2,4.0,7.305
2024-04-10 06:00:00+00:00,1712728824,1872,173210,34.0,28.1,6.24,4.5,7.885
2024-04-10 06:02:00+00:00,1712728943,1872,173210,34.0,28.3,6.175,4.5,8.015
2024-04-10 06:04:00+00:00,1712729063,1872,173210,34.0,28.6,6.05,4.3,7.69
2024-04-10 06:06:00+00:00,1712729183,1872,173210,34.0,28.6,7.225,5.2,9.515
2024-04-10 06:08:00+00:00,1712729303,1872,173210,34.0,28.6,6.5,4.5,8.04
2024-04-10 06:10:00+00:00,1712729423,1872,173210,34.0,28.6,6.13,4.5,8.27
2024-04-10 06:12:00+00:00,1712729543,1872,173210,34.0,28.6,6.555,4.9,8.25
2024-04-10 06:14:00+00:00,1712729663,1872,173210,34.0,28.6,6.38,4.7,8.555
2024-04-10 06:16:00+00:00,1712729783,1872,173210,34.0,28.6,5.84,3.9,7.51
2024-04-10 06:18:00+00:00,1712729903,1872,173210,34.0,28.6,5.29,3.8,6.935
2024-04-10 06:20:00+00:00,1712730023,1872,173210,34.0,28.6,4.28,3.3,5.585
2024-04-10 06:22:00+00:00,1712730143,1872,173210,34.0,28.6,4.735,3.8,6.33
2024-04-10 06:24:00+00:00,1712730263,1872,173210,34.0,28.6,3.66,3.0,5.17
2024-04-10 06:26:00+00:00,1712730383,1872,173210,34.0,28.6,3.43,2.9,4.745
2024-04-10 06:28:00+00:00,1712730503,1872,173210,34.0,28.6,4.825,3.7,6.735
2024-04-10 06:30:00+00:00,1712730623,1872,173210,34.0,28.6,6.265,4.4,8.155
2024-04-10 06:32:00+00:00,1712730743,1872,173210,34.0,28.6,5.355,4.1,7.26
2024-04-10 06:34:00+00:00,1712730863,1872,173210,34.0,28.1,5.855,4.1,7.51
2024-04-10 06:36:00+00:00,1712730983,1872,173210,34.0,28.6,6.19,4.4,8.29
2024-04-10 06:38:00+00:00,1712731103,1872,173210,34.0,28.6,6.21,4.9,8.58
2024-04-10 06:40:00+00:00,1712731223,1872,173210,34.0,28.6,6.17,4.8,8.26
2024-04-10 06:42:00+00:00,1712731343,1872,173210,34.0,28.6,7.345,5.3,9.91
2024-04-10 06:44:00+00:00,1712731463,1872,173210,34.0,28.6,6.145,4.7,8.075
2024-04-10 06:46:00+00:00,1712731583,1872,173210,34.0,28.6,7.735,5.2,9.82
2024-04-10 06:48:00+00:00,1712731703,1872,173210,34.0,28.6,5.25,3.8,6.73
2024-04-10 06:50:00+00:00,1712731823,1872,173210,34.0,28.6,4.565,3.4,6.295
2024-04-10 06:52:00+00:00,1712731943,1872,173210,34.0,28.6,4.75,4.0,6.79
2024-04-10 06:54:00+00:00,1712732064,1872,173210,34.0,28.6,4.2,3.2,5.445
2024-04-10 06:56:00+00:00,1712732184,1872,173210,34.0,28.6,4.715,3.4,6.29
2024-04-10 06:58:00+00:00,1712732304,1872,173210,34.0,28.6,6.245,4.3,7.875
2024-04-10 07:00:00+00:00,1712732424,1872,173210,34.0,28.6,6.125,4.3,7.565
2024-04-10 07:02:00+00:00,1712732544,1872,173210,34.0,28.6,4.805,3.4,6.16
2024-04-10 07:04:00+00:00,1712732664,1872,173210,34.0,28.6,4.115,3.1,5.635
2024-04-10 07:06:00+00:00,1712732785,1872,173210,34.0,28.6,3.465,2.9,4.65
2024-04-10 07:08:00+00:00,1712732904,1872,173210,34.0,28.6,3.7,3.0,5.605
2024-04-10 07:10:00+00:00,1712733025,1872,173210,34.0,28.6,3.375,2.7,4.39
2024-04-10 07:12:00+00:00,1712733144,1872,173210,34.0,28.6,3.02,2.6,4.455
2024-04-10 07:14:00+00:00,1712733264,1872,173210,34.0,28.6,2.89,2.6,4.36
2024-04-10 07:16:00+00:00,1712733384,1872,173210,34.0,28.6,3.06,2.8,4.375
2024-04-10 07:18:00+00:00,1712733504,1872,173210,34.0,28.6,3.125,2.7,4.35
2024-04-10 07:20:00+00:00,1712733625,1872,173210,34.0,28.6,3.495,3.1,5.19
2024-04-10 07:22:00+00:00,1712733744,1872,173210,34.0,28.6,4.315,3.4,5.68
2024-04-10 07:24:00+00:00,1712733864,1872,173210,34.0,28.6,4.035,3.4,5.95
2024-04-10 07:26:00+00:00,1712733984,1872,173210,34.0,28.6,4.365,3.6,5.85
2024-04-10 07:28:00+00:00,1712734104,1872,173210,34.0,28.6,6.555,4.8,8.56
2024-04-10 07:30:00+00:00,1712734224,1872,173210,34.0,28.6,6.54,4.8,8.63
2024-04-10 07:32:00+00:00,1712734344,1872,173210,34.0,28.6,6.015,4.7,8.495
2024-04-10 07:34:00+00:00,1712734464,1872,173210,34.0,28.3,6.96,5.1,9.53
2024-04-10 07:36:00+00:00,1712734584,1872,173210,34.0,28.6,7.63,5.4,10.15
2024-04-10 07:38:00+00:00,1712734704,1872,173210,34.0,28.3,6.46,4.8,8.35
2024-04-10 07:40:00+00:00,1712734824,1872,173210,34.0,28.6,9.78,7.0,13.05
2024-04-10 07:42:00+00:00,1712734944,1872,173210,34.0,28.6,8.985,6.5,11.445
2024-04-10 07:44:00+00:00,1712735064,1872,173210,34.0,28.6,7.845,5.6,9.86
2024-04-10 07:46:00+00:00,1712735184,1872,173210,34.0,28.6,7.56,5.5,10.305
2024-04-10 07:48:00+00:00,1712735304,1872,173210,34.0,28.6,6.47,4.8,9.045
2024-04-10 07:50:00+00:00,1712735424,1872,173210,34.0,28.6,6.57,4.4,8.23
2024-04-10 07:52:00+00:00,1712735544,1872,173210,34.0,28.6,13.64,9.8,18.31
2024-04-10 07:54:00+00:00,1712735665,1872,173210,34.0,28.6,11.86,8.3,15.47
2024-04-10 07:56:00+00:00,1712735785,1872,173210,34.0,28.6,9.44,6.6,12.175
2024-04-10 07:58:00+00:00,1712735905,1872,173210,34.0,28.6,7.05,5.1,9.21
2024-04-10 08:00:00+00:00,1712736025,1872,173210,34.0,28.6,16.3,4.0,10.8
2024-04-10 08:02:00+00:00,1712736145,1872,173210,34.0,28.6,15.7,3.8,10.6
