date_time_utc,time_stamp,group_id,member_id,humidity,temperature,pm1.0_atm,pm2.5_alt,pm10.0_atm
2024-04-10 05:00:00+00:00,1712725293,1872,173213,33.5,28.1,0.58,1.0,1.125
2024-04-10 05:02:00+00:00,1712725413,1872,173213,34.0,28.1,0.775,1.0,1.45
2024-04-10 05:04:00+00:00,1712725533,1872,173213,34.0,28.1,0.46,1.0,1.11
2024-04-10 05:06:00+00:00,1712725653,1872,173213,34.0,28.1,0.58,1.0,1.515
2024-04-10 05:08:00+00:00,1712725773,1872,173213,34.0,28.1,0.5,1.0,1.415
2024-04-10 05:10:00+00:00,1712725893,1872,173213,34.0,28.1,0.2,0.8,0.95
2024-04-10 05:12:00+00:00,1712726013,1872,173213,33.5,28.1,0.18,0.7,0.82
2024-04-10 05:14:00+00:00,1712726133,1872,173213,34.0,28.1,0.2,0.8,1.195
2024-04-10 05:16:00+00:00,1712726253,1872,173213,34.0,28.1,0.19,0.8,1.085
2024-04-10 05:18:00+00:00,1712726373,1872,173213,34.0,28.1,0.05,0.7,0.87
2024-04-10 05:20:00+00:00,1712726493,1872,173213,34.0,28.1,0.09,0.7,0.84
2024-04-10 05:22:00+00:00,1712726613,1872,173213,34.0,28.1,0.235,0.9,1.27
2024-04-10 05:24:00+00:00,1712726733,1872,173213,34.0,28.1,0.09,0.8,0.92
2024-04-10 05:26:00+00:00,1712726853,1872,173213,34.0,28.1,0.01,0.6,1.32
2024-04-10 05:28:00+00:00,1712726973,1872,173213,34.0,28.1,0.0,0.6,1.28
2024-04-10 05:30:00+00:00,1712727093,1872,173213,35.0,28.1,2.105,2.3,4.635
2024-04-10 05:32:00+00:00,1712727214,1872,173213,36.0,28.6,226.02,266.2,343.25
2024-04-10 05:34:00+00:00,1712727334,1872,173213,36.5,28.9,345.005,466.8,611.655
2024-04-10 05:36:00+00:00,1712727454,1872,173213,36.5,29.2,379.8,588.8,751.405
2024-04-10 05:38:00+00:00,1712727574,1872,173213,37.0,29.2,391.66,705.7,890.455
2024-04-10 05:40:00+00:00,1712727694,1872,173213,36.5,29.2,381.875,672.6,884.115
2024-04-10 05:42:00+00:00,1712727814,1872,173213,36.5,29.2,399.79,740.3,953.02
2024-04-10 05:44:00+00:00,1712727934,1872,173213,36.0,29.2,302.26,452.7,584.255
2024-04-10 05:46:00+00:00,1712728054,1872,173213,36.0,29.2,278.39,339.2,411.635
2024-04-10 05:48:00+00:00,1712728174,1872,173213,36.5,29.4,321.435,398.1,508.885
2024-04-10 05:50:00+00:00,1712728294,1872,173213,36.0,29.7,373.83,462.9,601.565
2024-04-10 05:52:00+00:00,1712728414,1872,173213,36.5,29.7,384.0,469.2,607.365
2024-04-10 05:54:00+00:00,1712728534,1872,173213,36.5,29.7,368.985,414.0,548.37
2024-04-10 05:56:00+00:00,1712728654,1872,173213,36.0,29.7,372.23,420.7,553.855
2024-04-10 05:58:00+00:00,1712728774,1872,173213,36.0,29.7,377.355,429.6,560.59
2024-04-10 06:00:00+00:00,1712728894,1872,173213,36.0,29.7,371.15,416.3,548.785
2024-04-10 06:02:00+00:00,1712729014,1872,173213,35.5,29.7,325.19,358.4,469.385
2024-04-10 06:04:00+00:00,1712729134,1872,173213,34.0,29.7,106.035,107.2,136.375
2024-04-10 06:06:00+00:00,1712729254,1872,173213,34.0,29.7,144.92,154.4,191.805
2024-04-10 06:08:00+00:00,1712729374,1872,173213,34.0,30.0,216.365,229.0,290.92
2024-04-10 06:10:00+00:00,1712729494,1872,173213,33.0,30.0,139.54,143.4,179.86
2024-04-10 06:12:00+00:00,1712729614,1872,173213,33.5,30.0,152.07,151.3,192.035
2024-04-10 06:14:00+00:00,1712729734,1872,173213,33.0,30.3,97.025,99.3,129.1
2024-04-10 06:16:00+00:00,1712729854,1872,173213,33.0,30.3,74.195,75.5,102.195
2024-04-10 06:18:00+00:00,1712729974,1872,173213,33.0,30.3,109.115,112.9,149.105
2024-04-10 06:20:00+00:00,1712730094,1872,173213,33.0,30.3,107.92,111.4,146.33
2024-04-10 06:22:00+00:00,1712730214,1872,173213,36.5,30.3,246.245,277.7,343.85
2024-04-10 06:24:00+00:00,1712730334,1872,173213,37.5,30.3,293.765,325.2,424.755
2024-04-10 06:26:00+00:00,1712730454,1872,173213,37.5,30.3,313.32,332.5,451.32
2024-04-10 06:28:00+00:00,1712730574,1872,173213,38.0,30.3,334.57,367.2,494.795
2024-04-10 06:30:00+00:00,1712730694,1872,173213,41.0,30.3,379.52,547.3,654.78
2024-04-10 06:32:00+00:00,1712730814,1872,173213,43.5,30.3,408.8,697.7,803.33
2024-04-10 06:34:00+00:00,1712730934,1872,173213,40.5,30.3,345.335,422.5,546.385
2024-04-10 06:36:00+00:00,1712731054,1872,173213,38.5,30.3,309.325,349.8,455.76
2024-04-10 06:38:00+00:00,1712731174,1872,173213,38.5,30.3,327.38,358.4,474.905
2024-04-10 06:40:00+00:00,1712731294,1872,173213,39.0,30.3,318.845,336.2,454.135
2024-04-10 06:42:00+00:00,1712731414,1872,173213,39.0,30.3,331.72,354.5,479.185
2024-04-10 06:44:00+00:00,1712731534,1872,173213,42.5,30.3,347.29,449.5,546.655
2024-04-10 06:46:00+00:00,1712731654,1872,173213,44.0,30.3,401.455,641.1,726.18
2024-04-10 06:48:00+00:00,1712731774,1872,173213,44.5,30.3,384.21,572.3,669.61
2024-04-10 06:50:00+00:00,1712731894,1872,173213,45.0,30.3,400.875,666.7,762.2
2024-04-10 06:52:00+00:00,1712732014,1872,173213,45.5,30.3,401.445,671.7,774.95
2024-04-10 06:54:00+00:00,1712732134,1872,173213,47.0,30.3,407.005,759.1,856.205
2024-04-10 06:56:00+00:00,1712732254,1872,173213,37.0,29.2,93.275,167.8,191.315
2024-04-10 06:58:00+00:00,1712732374,1872,173213,34.5,28.6,6.875,4.8,8.8
2024-04-10 07:00:00+00:00,1712732494,1872,173213,34.0,28.6,6.65,5.2,8.895
2024-04-10 07:02:00+00:00,1712732614,1872,173213,34.0,28.6,5.27,4.1,7.17
2024-04-10 07:04:00+00:00,1712732734,1872,173213,34.0,28.6,3.865,3.1,5.155
2024-04-10 07:06:00+00:00,1712732854,1872,173213,34.0,28.6,3.5,3.0,5.255
2024-04-10 07:08:00+00:00,1712732974,1872,173213,34.0,28.3,2.855,2.4,3.735
2024-04-10 07:10:00+00:00,1712733094,1872,173213,34.0,28.3,2.96,2.6,4.525
2024-04-10 07:12:00+00:00,1712733214,1872,173213,34.0,28.3,2.855,2.3,3.69
2024-04-10 07:14:00+00:00,1712733334,1872,173213,37.5,29.2,112.26,121.3,154.44
2024-04-10 07:16:00+00:00,1712733454,1872,173213,39.5,29.2,315.46,346.2,446.25
2024-04-10 07:18:00+00:00,1712733574,1872,173213,41.0,29.4,321.06,355.8,460.055
2024-04-10 07:20:00+00:00,1712733694,1872,173213,41.5,29.4,364.845,462.6,581.51
2024-04-10 07:22:00+00:00,1712733814,1872,173213,41.5,29.4,366.11,478.0,601.625
2024-04-10 07:24:00+00:00,1712733934,1872,173213,42.0,29.4,377.11,519.6,658.67
2024-04-10 07:26:00+00:00,1712734054,1872,173213,42.0,29.4,395.725,613.8,755.345
2024-04-10 07:28:00+00:00,1712734174,1872,173213,41.5,29.4,397.82,633.0,774.58
2024-04-10 07:30:00+00:00,1712734294,1872,173213,41.5,29.4,398.37,653.0,803.155
2024-04-10 07:32:00+00:00,1712734415,1872,173213,42.0,29.4,398.735,665.2,815.44
2024-04-10 07:34:00+00:00,1712734535,1872,173213,42.0,29.7,399.75,686.9,840.095
2024-04-10 07:36:00+00:00,1712734655,1872,173213,39.5,29.4,271.735,374.3,469.135
2024-04-10 07:38:00+00:00,1712734775,1872,173213,38.5,29.4,239.055,274.8,349.855
2024-04-10 07:40:00+00:00,1712734895,1872,173213,43.5,29.2,369.5,480.7,621.48
2024-04-10 07:42:00+00:00,1712735015,1872,173213,48.5,28.9,410.64,653.5,797.5
2024-04-10 07:44:00+00:00,1712735135,1872,173213,50.5,28.6,412.915,753.1,896.61
2024-04-10 07:46:00+00:00,1712735255,1872,173213,46.0,29.2,401.575,670.8,823.165
2024-04-10 07:48:00+00:00,1712735375,1872,173213,45.0,29.2,415.64,748.5,900.755
2024-04-10 07:50:00+00:00,1712735495,1872,173213,39.0,28.6,256.265,429.8,535.54
2024-04-10 07:52:00+00:00,1712735615,1872,173213,36.0,28.1,11.19,8.1,14.3
2024-04-10 07:54:00+00:00,1712735735,1872,173213,35.0,28.1,9.59,6.6,11.945
2024-04-10 07:56:00+00:00,1712735855,1872,173213,35.0,28.1,6.73,4.9,8.45
2024-04-10 07:58:00+00:00,1712735975,1872,173213,35.0,28.1,5.0,4.3,7.13
2024-04-10 08:00:00+00:00,1712736095,1872,173213,35.0,28.1,14.3,3.9,10.0
2024-04-10 08:02:00+00:00,1712736215,1872,173213,35.0,28.1,12.2,3.1,9.0
