date_time_utc,time_stamp,group_id,member_id,humidity,temperature,pm1.0_atm,pm2.5_alt,pm10.0_atm
2024-04-10 14:00:00+00:00,1712757646,1872,173211,37.5,26.9,1.59,2.0,2.985
2024-04-10 14:02:00+00:00,1712757767,1872,173211,37.5,26.9,2.265,2.1,3.425
2024-04-10 14:04:00+00:00,1712757887,1872,173211,37.5,26.9,1.995,2.0,3.225
2024-04-10 14:06:00+00:00,1712758007,1872,173211,37.5,26.9,1.665,1.8,2.29
2024-04-10 14:08:00+00:00,1712758127,1872,173211,38.0,26.9,1.37,1.8,2.635
2024-04-10 14:10:00+00:00,1712758247,1872,173211,37.5,26.7,1.77,1.8,2.57
2024-04-10 14:12:00+00:00,1712758367,1872,173211,38.0,26.7,1.595,1.8,2.655
2024-04-10 14:14:00+00:00,1712758487,1872,173211,38.0,26.7,1.295,1.6,2.185
2024-04-10 14:16:00+00:00,1712758607,1872,173211,38.5,26.7,1.085,1.6,2.085
2024-04-10 14:18:00+00:00,1712758728,1872,173211,38.5,26.7,0.93,1.5,1.78
2024-04-10 14:20:00+00:00,1712758847,1872,173211,38.5,26.7,1.195,1.5,2.005
2024-04-10 14:22:00+00:00,1712758967,1872,173211,38.5,26.7,1.265,1.7,1.925
2024-04-10 14:24:00+00:00,1712759087,1872,173211,38.5,26.7,0.885,1.7,2.405
2024-04-10 14:26:00+00:00,1712759207,1872,173211,39.0,26.7,1.035,1.7,2.275
2024-04-10 14:28:00+00:00,1712759327,1872,173211,38.5,26.7,1.085,1.6,1.62
2024-04-10 14:30:00+00:00,1712759447,1872,173211,39.0,26.7,0.905,1.6,1.675
2024-04-10 14:32:00+00:00,1712759567,1872,173211,39.0,26.7,0.72,1.7,1.52
2024-04-10 14:34:00+00:00,1712759687,1872,173211,39.0,26.7,1.02,1.4,1.975
2024-04-10 14:36:00+00:00,1712759807,1872,173211,39.0,26.9,1.675,1.8,2.655
2024-04-10 14:38:00+00:00,1712759927,1872,173211,39.0,26.9,1.07,1.7,1.945
2024-04-10 14:40:00+00:00,1712760047,1872,173211,39.0,26.9,1.195,1.6,1.745
2024-04-10 14:42:00+00:00,1712760167,1872,173211,39.0,26.9,1.17,1.5,1.795
2024-04-10 14:44:00+00:00,1712760287,1872,173211,39.5,26.9,1.13,1.6,2.045
2024-04-10 14:46:00+00:00,1712760407,1872,173211,39.5,26.9,0.845,1.4,1.715
2024-04-10 14:48:00+00:00,1712760527,1872,173211,39.5,26.9,1.21,1.6,2.075
2024-04-10 14:50:00+00:00,1712760648,1872,173211,39.5,26.9,1.11,1.5,1.96
2024-04-10 14:52:00+00:00,1712760767,1872,173211,39.5,26.9,0.87,1.4,1.715
2024-04-10 14:54:00+00:00,1712760887,1872,173211,39.5,26.9,1.02,1.4,2.105
2024-04-10 14:56:00+00:00,1712761007,1872,173211,39.5,26.9,1.06,1.4,1.99
2024-04-10 14:58:00+00:00,1712761127,1872,173211,40.0,27.2,0.935,1.4,1.805
2024-04-10 15:00:00+00:00,1712761247,1872,173211,40.0,26.9,1.125,1.5,1.86
2024-04-10 15:02:00+00:00,1712761368,1872,173211,40.0,26.9,0.9,1.4,1.415
2024-04-10 15:04:00+00:00,1712761488,1872,173211,40.0,26.9,1.07,1.5,2.19
2024-04-10 15:06:00+00:00,1712761608,1872,173211,40.0,27.2,0.825,1.4,1.42
2024-04-10 15:08:00+00:00,1712761728,1872,173211,40.0,27.2,1.145,1.5,1.73
2024-04-10 15:10:00+00:00,1712761848,1872,173211,40.0,27.2,1.065,1.4,1.9
2024-04-10 15:12:00+00:00,1712761968,1872,173211,40.0,27.2,1.045,1.5,1.82
2024-04-10 15:14:00+00:00,1712762088,1872,173211,40.0,27.2,1.08,1.4,1.72
2024-04-10 15:16:00+00:00,1712762208,1872,173211,40.0,27.2,1.045,1.3,1.645
2024-04-10 15:18:00+00:00,1712762328,1872,173211,40.0,27.2,0.875,1.4,1.73
2024-04-10 15:20:00+00:00,1712762448,1872,173211,40.0,27.2,0.815,1.4,1.77
2024-04-10 15:22:00+00:00,1712762568,1872,173211,40.0,27.2,1.055,1.5,1.835
2024-04-10 15:24:00+00:00,1712762688,1872,173211,40.0,27.2,0.745,1.2,1.355
2024-04-10 15:26:00+00:00,1712762808,1872,173211,40.5,27.2,1.05,1.5,1.855
2024-04-10 15:28:00+00:00,1712762928,1872,173211,40.5,27.2,1.21,1.5,1.725
2024-04-10 15:30:00+00:00,1712763048,1872,173211,41.0,27.2,1.105,1.4,1.725
2024-04-10 15:32:00+00:00,1712763168,1872,173211,41.0,27.2,0.845,1.3,1.495
2024-04-10 15:34:00+00:00,1712763288,1872,173211,41.0,27.2,1.11,1.5,2.08
2024-04-10 15:36:00+00:00,1712763408,1872,173211,41.0,27.2,0.89,1.3,1.43
2024-04-10 15:38:00+00:00,1712763528,1872,173211,41.0,27.2,1.015,1.5,1.82
2024-04-10 15:40:00+00:00,1712763648,1872,173211,41.0,27.2,0.775,1.4,1.385
2024-04-10 15:42:00+00:00,1712763768,1872,173211,41.0,27.2,0.965,1.3,1.635
2024-04-10 15:44:00+00:00,1712763888,1872,173211,41.0,27.2,0.94,1.4,1.49
2024-04-10 15:46:00+00:00,1712764008,1872,173211,41.0,27.2,1.075,1.5,1.845
2024-04-10 15:48:00+00:00,1712764128,1872,173211,41.0,27.2,1.105,1.3,1.435
2024-04-10 15:50:00+00:00,1712764248,1872,173211,41.0,27.2,1.04,1.4,1.64
2024-04-10 15:52:00+00:00,1712764368,1872,173211,41.0,27.2,0.945,1.1,1.34
2024-04-10 15:54:00+00:00,1712764488,1872,173211,41.0,27.2,0.77,1.2,1.255
2024-04-10 15:56:00+00:00,1712764608,1872,173211,41.0,27.2,0.87,1.3,1.26
2024-04-10 15:58:00+00:00,1712764728,1872,173211,41.0,27.2,0.75,1.3,1.355
2024-04-10 16:00:00+00:00,1712764848,1872,173211,41.0,27.2,0.69,1.3,1.48
2024-04-10 16:02:00+00:00,1712764969,1872,173211,41.0,27.2,0.985,1.3,1.555
2024-04-10 16:04:00+00:00,1712765089,1872,173211,41.0,27.2,0.75,1.1,1.19
2024-04-10 16:06:00+00:00,1712765209,1872,173211,41.0,27.2,0.855,1.2,1.37
2024-04-10 16:08:00+00:00,1712765329,1872,173211,41.0,27.2,0.855,1.4,1.475
2024-04-10 16:10:00+00:00,1712765449,1872,173211,41.0,27.2,0.56,1.2,1.125
2024-04-10 16:12:00+00:00,1712765569,1872,173211,41.0,27.2,0.96,1.4,1.595
2024-04-10 16:14:00+00:00,1712765689,1872,173211,41.0,27.2,0.755,1.2,1.33
2024-04-10 16:16:00+00:00,1712765809,1872,173211,41.0,27.2,0.99,1.3,1.665
2024-04-10 16:18:00+00:00,1712765929,1872,173211,41.0,27.2,0.93,1.4,2.025
2024-04-10 16:20:00+00:00,1712766049,1872,173211,41.0,27.2,0.935,1.3,1.855
2024-04-10 16:22:00+00:00,1712766169,1872,173211,41.0,27.2,0.915,1.4,1.675
2024-04-10 16:24:00+00:00,1712766289,1872,173211,41.0,27.2,0.66,1.3,1.52
2024-04-10 16:26:00+00:00,1712766409,1872,173211,41.5,27.2,0.835,1.2,1.285
2024-04-10 16:28:00+00:00,1712766529,1872,173211,41.5,27.2,0.785,1.3,1.285
2024-04-10 16:30:00+00:00,1712766649,1872,173211,41.0,27.2,0.92,1.2,1.27
2024-04-10 16:32:00+00:00,1712766769,1872,173211,42.0,27.2,1.015,1.3,1.655
2024-04-10 16:34:00+00:00,1712766889,1872,173211,42.0,27.2,0.835,1.3,1.29
2024-04-10 16:36:00+00:00,1712767009,1872,173211,42.0,27.2,0.845,1.3,1.4
2024-04-10 16:38:00+00:00,1712767129,1872,173211,42.0,27.2,0.8,1.3,1.8
2024-04-10 16:40:00+00:00,1712767249,1872,173211,42.0,27.2,0.795,1.1,1.085
2024-04-10 16:42:00+00:00,1712767369,1872,173211,42.0,27.2,0.945,1.3,1.615
2024-04-10 16:44:00+00:00,1712767489,1872,173211,42.0,27.2,0.86,1.2,1.51
2024-04-10 16:46:00+00:00,1712767609,1872,173211,42.0,27.2,0.855,1.2,1.755
2024-04-10 16:48:00+00:00,1712767729,1872,173211,42.0,27.2,0.965,1.3,1.455
2024-04-10 16:50:00+00:00,1712767849,1872,173211,42.0,27.2,1.0,1.2,1.505
2024-04-10 16:52:00+00:00,1712767969,1872,173211,42.0,27.2,0.98,1.1,1.37
2024-04-10 16:54:00+00:00,1712768089,1872,173211,42.0,27.2,0.575,1.2,1.26
2024-04-10 16:56:00+00:00,1712768209,1872,173211,42.0,27.2,0.645,1.0,0.885
2024-04-10 16:58:00+00:00,1712768329,1872,173211,42.0,27.2,1.105,1.3,1.82
2024-04-10 17:00:00+00:00,1712768449,1872,173211,42.0,27.2,0.775,1.1,1.105
2024-04-10 17:02:00+00:00,1712768570,1872,173211,42.0,27.2,0.645,1.3,1.385
2024-04-10 17:04:00+00:00,1712768690,1872,173211,42.0,27.2,0.655,1.1,1.185
2024-04-10 17:06:00+00:00,1712768810,1872,173211,42.0,27.2,0.705,1.1,0.955
2024-04-10 17:08:00+00:00,1712768930,1872,173211,42.0,27.2,0.9,1.2,1.405
2024-04-10 17:10:00+00:00,1712769050,1872,173211,42.0,27.2,0.815,1.3,1.175
2024-04-10 17:12:00+00:00,1712769170,1872,173211,42.0,27.2,0.945,1.3,1.78
2024-04-10 17:14:00+00:00,1712769290,1872,173211,42.0,27.2,0.815,1.3,1.235
2024-04-10 17:16:00+00:00,1712769410,1872,173211,42.0,27.2,0.785,1.2,0.95
2024-04-10 17:18:00+00:00,1712769530,1872,173211,42.0,27.2,0.21,1.2,0.57
2024-04-10 17:20:00+00:00,1712769650,1872,173211,42.0,27.2,0.24,1.2,0.645
2024-04-10 17:22:00+00:00,1712769770,1872,173211,42.0,27.2,0.905,1.2,1.395
2024-04-10 17:24:00+00:00,1712769890,1872,173211,42.0,27.2,0.89,1.0,1.215
2024-04-10 17:26:00+00:00,1712770010,1872,173211,42.0,27.2,0.835,1.2,1.125
2024-04-10 17:28:00+00:00,1712770130,1872,173211,42.0,27.2,0.565,1.0,0.92
2024-04-10 17:30:00+00:00,1712770250,1872,173211,42.0,27.2,0.74,1.3,1.33
2024-04-10 17:32:00+00:00,1712770370,1872,173211,42.0,27.2,0.915,1.1,1.09
2024-04-10 17:34:00+00:00,1712770490,1872,173211,42.5,26.9,0.71,1.1,1.33
2024-04-10 17:36:00+00:00,1712770610,1872,173211,42.0,27.2,0.765,1.1,1.01
2024-04-10 17:38:00+00:00,1712770730,1872,173211,42.5,27.2,0.965,1.1,1.155
2024-04-10 17:40:00+00:00,1712770850,1872,173211,42.5,26.9,0.475,1.1,1.3
2024-04-10 17:42:00+00:00,1712770970,1872,173211,42.5,27.2,0.7,1.1,1.045
2024-04-10 17:44:00+00:00,1712771090,1872,173211,42.5,27.2,0.73,1.1,1.445
2024-04-10 17:46:00+00:00,1712771210,1872,173211,42.5,27.2,0.755,1.1,1.01
2024-04-10 17:48:00+00:00,1712771330,1872,173211,42.5,27.2,0.625,1.1,0.845
2024-04-10 17:50:00+00:00,1712771450,1872,173211,42.5,26.9,0.615,1.0,1.05
2024-04-10 17:52:00+00:00,1712771570,1872,173211,43.0,26.9,0.915,1.1,1.29
2024-04-10 17:54:00+00:00,1712771690,1872,173211,42.5,26.9,0.625,1.2,0.94
2024-04-10 17:56:00+00:00,1712771810,1872,173211,43.0,26.9,0.605,1.0,1.17
2024-04-10 17:58:00+00:00,1712771930,1872,173211,43.0,26.9,0.96,1.3,1.7
2024-04-10 18:00:00+00:00,1712772050,1872,173211,43.0,26.9,0.905,1.2,1.28
2024-04-10 18:02:00+00:00,1712772170,1872,173211,43.0,26.9,0.67,1.1,0.955
2024-04-10 18:04:00+00:00,1712772290,1872,173211,43.0,26.9,1.0,1.3,1.45
2024-04-10 18:06:00+00:00,1712772410,1872,173211,43.0,26.9,0.685,1.0,1.125
2024-04-10 18:08:00+00:00,1712772530,1872,173211,43.0,26.9,0.635,1.2,1.51
2024-04-10 18:10:00+00:00,1712772651,1872,173211,43.0,26.9,0.91,1.2,1.445
2024-04-10 18:12:00+00:00,1712772770,1872,173211,43.0,26.9,0.905,1.0,1.205
2024-04-10 18:14:00+00:00,1712772890,1872,173211,43.0,26.9,0.49,1.1,0.965
2024-04-10 18:16:00+00:00,1712773011,1872,173211,43.0,26.9,0.79,1.1,1.17
2024-04-10 18:18:00+00:00,1712773130,1872,173211,43.0,26.9,0.855,1.2,1.39
2024-04-10 18:20:00+00:00,1712773250,1872,173211,43.0,26.9,0.59,1.2,1.0
2024-04-10 18:22:00+00:00,1712773370,1872,173211,43.0,26.9,0.635,1.2,1.065
2024-04-10 18:24:00+00:00,1712773490,1872,173211,43.0,26.9,0.6,0.9,0.845
2024-04-10 18:26:00+00:00,1712773610,1872,173211,43.0,26.9,0.76,1.2,1.205
2024-04-10 18:28:00+00:00,1712773731,1872,173211,43.0,26.9,0.55,1.1,1.25
2024-04-10 18:30:00+00:00,1712773850,1872,173211,43.0,26.9,0.955,1.4,1.645
2024-04-10 18:32:00+00:00,1712773970,1872,173211,43.0,26.9,0.845,1.1,1.265
2024-04-10 18:34:00+00:00,1712774090,1872,173211,43.0,26.9,0.815,1.2,1.26
2024-04-10 18:36:00+00:00,1712774210,1872,173211,43.0,26.9,0.765,1.0,1.22
2024-04-10 18:38:00+00:00,1712774330,1872,173211,43.0,26.9,0.84,1.1,1.175
2024-04-10 18:40:00+00:00,1712774450,1872,173211,43.0,26.9,0.445,1.1,0.85
2024-04-10 18:42:00+00:00,1712774570,1872,173211,43.0,26.9,0.975,1.3,1.815
2024-04-10 18:44:00+00:00,1712774690,1872,173211,43.0,26.9,0.74,1.0,0.99
2024-04-10 18:46:00+00:00,1712774810,1872,173211,43.0,26.9,0.76,1.0,1.03
2024-04-10 18:48:00+00:00,1712774930,1872,173211,43.0,26.9,0.85,1.2,1.25
2024-04-10 18:50:00+00:00,1712775050,1872,173211,43.0,26.9,0.7,1.1,1.36
2024-04-10 18:52:00+00:00,1712775170,1872,173211,43.0,26.9,0.67,1.1,1.095
2024-04-10 18:54:00+00:00,1712775290,1872,173211,43.0,26.9,0.79,1.1,1.27
2024-04-10 18:56:00+00:00,1712775410,1872,173211,43.0,26.9,0.715,1.1,1.125
2024-04-10 18:58:00+00:00,1712775530,1872,173211,43.0,26.9,0.845,1.1,1.395
2024-04-10 19:00:00+00:00,1712775651,1872,173211,43.0,26.9,0.7,1.3,1.37
2024-04-10 19:02:00+00:00,1712775771,1872,173211,43.0,26.9,0.725,1.3,1.21
2024-04-10 19:04:00+00:00,1712775891,1872,173211,43.0,26.9,0.63,1.2,0.98
2024-04-10 19:06:00+00:00,1712776011,1872,173211,43.0,26.9,0.395,1.0,0.765
2024-04-10 19:08:00+00:00,1712776131,1872,173211,43.0,26.9,0.92,1.3,1.315
2024-04-10 19:10:00+00:00,1712776251,1872,173211,43.0,26.9,0.975,1.3,1.42
2024-04-10 19:12:00+00:00,1712776371,1872,173211,43.0,26.9,0.615,1.1,1.195
2024-04-10 19:14:00+00:00,1712776491,1872,173211,43.0,26.9,0.79,1.2,1.4
2024-04-10 19:16:00+00:00,1712776611,1872,173211,43.0,26.9,0.975,1.3,1.34
2024-04-10 19:18:00+00:00,1712776732,1872,173211,43.0,26.9,0.795,1.1,1.35
2024-04-10 19:20:00+00:00,1712776851,1872,173211,43.0,26.9,0.625,1.2,1.07
2024-04-10 19:22:00+00:00,1712776971,1872,173211,43.0,26.9,0.705,1.1,1.19
2024-04-10 19:24:00+00:00,1712777091,1872,173211,43.0,26.9,0.87,1.1,1.265
2024-04-10 19:26:00+00:00,1712777211,1872,173211,43.0,26.9,0.86,1.2,1.565
2024-04-10 19:28:00+00:00,1712777331,1872,173211,43.0,26.9,0.71,1.2,1.155
