date_time_utc,time_stamp,group_id,member_id,humidity,temperature,pm1.0_atm,pm2.5_alt,pm10.0_atm
2024-04-10 14:00:00+00:00,1712757646,1872,173212,37.5,27.2,1.635,1.9,3.0
2024-04-10 14:02:00+00:00,1712757766,1872,173212,37.5,27.2,2.095,2.4,3.295
2024-04-10 14:04:00+00:00,1712757886,1872,173212,37.5,26.9,1.765,2.1,3.04
2024-04-10 14:06:00+00:00,1712758006,1872,173212,37.5,26.9,1.645,1.8,2.595
2024-04-10 14:08:00+00:00,1712758126,1872,173212,38.0,26.9,1.835,2.2,3.39
2024-04-10 14:10:00+00:00,1712758246,1872,173212,38.0,26.9,1.745,1.9,2.76
2024-04-10 14:12:00+00:00,1712758366,1872,173212,38.0,26.9,1.815,1.8,2.715
2024-04-10 14:14:00+00:00,1712758486,1872,173212,38.0,26.9,1.335,1.7,2.505
2024-04-10 14:16:00+00:00,1712758606,1872,173212,38.0,26.9,1.305,1.7,2.27
2024-04-10 14:18:00+00:00,1712758726,1872,173212,38.0,26.9,1.41,1.6,2.215
2024-04-10 14:20:00+00:00,1712758847,1872,173212,37.5,27.2,1.54,1.7,2.46
2024-04-10 14:22:00+00:00,1712758967,1872,173212,38.0,26.9,1.5,1.8,2.305
2024-04-10 14:24:00+00:00,1712759087,1872,173212,38.0,26.9,1.4,1.7,2.62
2024-04-10 14:26:00+00:00,1712759207,1872,173212,38.5,26.9,1.415,1.6,2.455
2024-04-10 14:28:00+00:00,1712759327,1872,173212,38.5,26.9,1.455,1.6,2.215
2024-04-10 14:30:00+00:00,1712759447,1872,173212,38.5,26.9,1.305,1.6,2.29
2024-04-10 14:32:00+00:00,1712759567,1872,173212,38.5,26.9,1.135,1.7,2.11
2024-04-10 14:34:00+00:00,1712759687,1872,173212,39.0,26.9,1.155,1.6,2.16
2024-04-10 14:36:00+00:00,1712759807,1872,173212,39.0,26.9,1.38,1.5,2.115
2024-04-10 14:38:00+00:00,1712759927,1872,173212,39.0,26.9,1.055,1.5,1.92
2024-04-10 14:40:00+00:00,1712760047,1872,173212,39.0,27.2,0.88,1.6,1.91
2024-04-10 14:42:00+00:00,1712760167,1872,173212,39.0,27.2,1.41,1.7,2.495
2024-04-10 14:44:00+00:00,1712760287,1872,173212,39.0,27.2,1.415,1.7,2.395
2024-04-10 14:46:00+00:00,1712760407,1872,173212,39.0,27.2,1.125,1.5,1.915
2024-04-10 14:48:00+00:00,1712760527,1872,173212,39.0,27.2,1.435,1.8,2.555
2024-04-10 14:50:00+00:00,1712760647,1872,173212,39.0,27.2,1.27,1.5,2.27
2024-04-10 14:52:00+00:00,1712760767,1872,173212,39.0,27.2,1.26,1.5,1.755
2024-04-10 14:54:00+00:00,1712760887,1872,173212,39.0,27.2,0.995,1.7,2.025
2024-04-10 14:56:00+00:00,1712761008,1872,173212,39.0,27.2,1.12,1.5,1.755
2024-04-10 14:58:00+00:00,1712761127,1872,173212,39.0,27.2,1.03,1.4,1.81
2024-04-10 15:00:00+00:00,1712761247,1872,173212,39.0,27.5,1.06,1.6,1.87
2024-04-10 15:02:00+00:00,1712761367,1872,173212,39.5,27.2,1.035,1.5,1.795
2024-04-10 15:04:00+00:00,1712761487,1872,173212,40.0,27.5,1.17,1.5,1.93
2024-04-10 15:06:00+00:00,1712761607,1872,173212,40.0,27.5,0.815,1.4,1.565
2024-04-10 15:08:00+00:00,1712761727,1872,173212,40.0,27.5,1.125,1.4,1.945
2024-04-10 15:10:00+00:00,1712761847,1872,173212,40.0,27.5,1.12,1.4,1.975
2024-04-10 15:12:00+00:00,1712761967,1872,173212,40.0,27.2,1.26,1.5,1.95
2024-04-10 15:14:00+00:00,1712762087,1872,173212,40.0,27.5,0.91,1.4,1.99
2024-04-10 15:16:00+00:00,1712762207,1872,173212,40.0,27.5,1.045,1.3,2.005
2024-04-10 15:18:00+00:00,1712762327,1872,173212,40.0,27.5,1.165,1.5,1.92
2024-04-10 15:20:00+00:00,1712762448,1872,173212,40.0,27.2,0.975,1.4,1.72
2024-04-10 15:22:00+00:00,1712762567,1872,173212,40.0,27.5,1.32,1.6,2.15
2024-04-10 15:24:00+00:00,1712762687,1872,173212,40.0,27.5,1.005,1.5,2.18
2024-04-10 15:26:00+00:00,1712762808,1872,173212,40.0,27.5,1.02,1.5,1.685
2024-04-10 15:28:00+00:00,1712762928,1872,173212,40.0,27.5,1.3,1.5,2.245
2024-04-10 15:30:00+00:00,1712763048,1872,173212,40.0,27.5,1.2,1.5,2.195
2024-04-10 15:32:00+00:00,1712763168,1872,173212,40.0,27.5,0.745,1.5,1.625
2024-04-10 15:34:00+00:00,1712763287,1872,173212,40.0,27.5,1.135,1.6,2.105
2024-04-10 15:36:00+00:00,1712763407,1872,173212,40.0,27.5,0.965,1.4,1.565
2024-04-10 15:38:00+00:00,1712763527,1872,173212,40.0,27.5,1.02,1.3,1.44
2024-04-10 15:40:00+00:00,1712763648,1872,173212,40.0,27.5,0.96,1.5,1.695
2024-04-10 15:42:00+00:00,1712763768,1872,173212,40.5,27.5,0.975,1.2,1.48
2024-04-10 15:44:00+00:00,1712763887,1872,173212,40.5,27.5,0.87,1.1,1.72
2024-04-10 15:46:00+00:00,1712764007,1872,173212,40.5,27.5,0.81,1.3,1.195
2024-04-10 15:48:00+00:00,1712764127,1872,173212,41.0,27.5,0.78,1.2,1.305
2024-04-10 15:50:00+00:00,1712764247,1872,173212,40.5,27.5,0.895,1.5,1.67
2024-04-10 15:52:00+00:00,1712764368,1872,173212,40.5,27.5,0.915,1.4,1.615
2024-04-10 15:54:00+00:00,1712764487,1872,173212,41.0,27.5,1.195,1.4,2.025
2024-04-10 15:56:00+00:00,1712764608,1872,173212,41.0,27.5,1.12,1.3,1.67
2024-04-10 15:58:00+00:00,1712764728,1872,173212,41.0,27.5,0.735,1.4,1.57
2024-04-10 16:00:00+00:00,1712764848,1872,173212,41.0,27.5,0.94,1.3,1.57
2024-04-10 16:02:00+00:00,1712764967,1872,173212,41.0,27.5,1.04,1.4,1.985
2024-04-10 16:04:00+00:00,1712765088,1872,173212,41.0,27.5,0.98,1.4,1.485
2024-04-10 16:06:00+00:00,1712765207,1872,173212,41.0,27.5,0.67,1.2,1.4
2024-04-10 16:08:00+00:00,1712765328,1872,173212,41.0,27.5,0.725,1.3,1.71
2024-04-10 16:10:00+00:00,1712765447,1872,173212,41.0,27.5,0.785,1.3,1.31
2024-04-10 16:12:00+00:00,1712765567,1872,173212,41.0,27.5,0.75,1.4,1.39
2024-04-10 16:14:00+00:00,1712765687,1872,173212,41.0,27.5,0.835,1.1,1.34
2024-04-10 16:16:00+00:00,1712765807,1872,173212,41.0,27.5,1.095,1.3,1.745
2024-04-10 16:18:00+00:00,1712765927,1872,173212,41.0,27.5,0.715,1.4,1.71
2024-04-10 16:20:00+00:00,1712766048,1872,173212,41.0,27.5,0.725,1.3,1.645
2024-04-10 16:22:00+00:00,1712766168,1872,173212,41.0,27.5,1.06,1.4,1.935
2024-04-10 16:24:00+00:00,1712766288,1872,173212,41.0,27.5,0.845,1.4,1.25
2024-04-10 16:26:00+00:00,1712766408,1872,173212,41.0,27.5,0.9,1.4,1.56
2024-04-10 16:28:00+00:00,1712766528,1872,173212,41.0,27.5,0.835,1.2,1.525
2024-04-10 16:30:00+00:00,1712766649,1872,173212,41.0,27.5,0.9,1.3,1.525
2024-04-10 16:32:00+00:00,1712766768,1872,173212,41.0,27.5,0.77,1.3,1.215
2024-04-10 16:34:00+00:00,1712766888,1872,173212,41.0,27.5,1.06,1.3,1.405
2024-04-10 16:36:00+00:00,1712767008,1872,173212,41.0,27.5,1.02,1.3,1.69
2024-04-10 16:38:00+00:00,1712767128,1872,173212,41.0,27.5,0.715,1.2,1.31
2024-04-10 16:40:00+00:00,1712767248,1872,173212,41.5,27.5,1.0,1.3,1.53
2024-04-10 16:42:00+00:00,1712767368,1872,173212,41.0,27.5,0.815,1.3,1.695
2024-04-10 16:44:00+00:00,1712767488,1872,173212,41.0,27.5,0.79,1.2,1.3
2024-04-10 16:46:00+00:00,1712767608,1872,173212,41.5,27.5,0.84,1.2,1.37
2024-04-10 16:48:00+00:00,1712767728,1872,173212,41.5,27.5,1.055,1.2,1.695
2024-04-10 16:50:00+00:00,1712767848,1872,173212,41.5,27.5,0.775,1.3,1.35
2024-04-10 16:52:00+00:00,1712767968,1872,173212,41.5,27.5,0.71,1.2,1.17
2024-04-10 16:54:00+00:00,1712768088,1872,173212,41.5,27.5,0.965,1.1,1.29
2024-04-10 16:56:00+00:00,1712768208,1872,173212,41.5,27.5,0.77,1.4,1.745
2024-04-10 16:58:00+00:00,1712768328,1872,173212,41.5,27.5,0.835,1.2,1.42
2024-04-10 17:00:00+00:00,1712768448,1872,173212,41.5,27.5,0.815,1.2,1.275
2024-04-10 17:02:00+00:00,1712768569,1872,173212,41.5,27.5,0.87,1.3,1.515
2024-04-10 17:04:00+00:00,1712768688,1872,173212,41.5,27.5,0.585,1.3,1.27
2024-04-10 17:06:00+00:00,1712768808,1872,173212,41.5,27.5,0.345,1.0,0.575
2024-04-10 17:08:00+00:00,1712768928,1872,173212,41.5,27.5,0.585,1.2,1.285
2024-04-10 17:10:00+00:00,1712769048,1872,173212,42.0,27.5,0.295,1.2,0.72
2024-04-10 17:12:00+00:00,1712769168,1872,173212,42.0,27.5,0.8,1.0,1.25
2024-04-10 17:14:00+00:00,1712769288,1872,173212,42.0,27.5,0.94,1.3,1.555
2024-04-10 17:16:00+00:00,1712769408,1872,173212,42.0,27.5,0.85,1.3,1.52
2024-04-10 17:18:00+00:00,1712769528,1872,173212,42.0,27.5,1.025,1.2,1.23
2024-04-10 17:20:00+00:00,1712769649,1872,173212,42.0,27.2,0.99,1.2,1.61
2024-04-10 17:22:00+00:00,1712769769,1872,173212,42.0,27.5,1.0,1.3,1.285
2024-04-10 17:24:00+00:00,1712769889,1872,173212,42.0,27.5,0.785,1.1,1.25
2024-04-10 17:26:00+00:00,1712770009,1872,173212,42.0,27.5,0.82,1.1,1.28
2024-04-10 17:28:00+00:00,1712770129,1872,173212,42.0,27.5,0.745,1.2,1.43
2024-04-10 17:30:00+00:00,1712770249,1872,173212,42.0,27.5,0.625,1.2,0.91
2024-04-10 17:32:00+00:00,1712770369,1872,173212,42.0,27.5,0.725,1.1,0.895
2024-04-10 17:34:00+00:00,1712770489,1872,173212,42.0,27.5,0.625,1.3,1.195
2024-04-10 17:36:00+00:00,1712770609,1872,173212,42.0,27.5,0.52,1.3,1.21
2024-04-10 17:38:00+00:00,1712770729,1872,173212,42.0,27.5,0.665,1.0,1.105
2024-04-10 17:40:00+00:00,1712770849,1872,173212,42.0,27.5,0.745,1.1,1.175
2024-04-10 17:42:00+00:00,1712770969,1872,173212,42.0,27.5,0.67,1.2,1.495
2024-04-10 17:44:00+00:00,1712771089,1872,173212,42.0,27.5,0.885,1.2,1.665
2024-04-10 17:46:00+00:00,1712771209,1872,173212,42.0,27.5,0.715,1.2,1.51
2024-04-10 17:48:00+00:00,1712771329,1872,173212,42.0,27.2,0.42,1.0,1.32
2024-04-10 17:50:00+00:00,1712771449,1872,173212,42.0,27.2,0.58,1.1,1.035
2024-04-10 17:52:00+00:00,1712771570,1872,173212,42.0,27.2,0.765,1.1,1.415
2024-04-10 17:54:00+00:00,1712771689,1872,173212,42.0,27.2,0.55,1.1,1.135
2024-04-10 17:56:00+00:00,1712771809,1872,173212,42.0,27.2,0.595,1.2,1.24
2024-04-10 17:58:00+00:00,1712771929,1872,173212,42.0,27.5,0.89,1.1,1.255
2024-04-10 18:00:00+00:00,1712772049,1872,173212,42.0,27.2,0.9,1.2,1.295
2024-04-10 18:02:00+00:00,1712772169,1872,173212,42.5,27.5,0.495,1.1,1.115
2024-04-10 18:04:00+00:00,1712772289,1872,173212,42.0,27.5,0.86,1.1,1.11
2024-04-10 18:06:00+00:00,1712772409,1872,173212,42.0,27.5,0.965,1.3,1.635
2024-04-10 18:08:00+00:00,1712772529,1872,173212,42.0,27.5,0.66,1.2,1.615
2024-04-10 18:10:00+00:00,1712772649,1872,173212,42.0,27.2,0.87,1.3,1.445
2024-04-10 18:12:00+00:00,1712772769,1872,173212,42.0,27.2,0.9,1.3,1.945
2024-04-10 18:14:00+00:00,1712772889,1872,173212,42.0,27.5,0.675,1.1,0.94
2024-04-10 18:16:00+00:00,1712773009,1872,173212,42.0,27.2,0.85,1.2,1.475
2024-04-10 18:18:00+00:00,1712773129,1872,173212,42.0,27.2,1.055,1.3,1.63
2024-04-10 18:20:00+00:00,1712773250,1872,173212,42.0,27.5,0.855,1.2,1.27
2024-04-10 18:22:00+00:00,1712773370,1872,173212,42.0,27.2,0.795,1.2,1.22
2024-04-10 18:24:00+00:00,1712773490,1872,173212,42.5,27.2,0.77,1.1,1.535
2024-04-10 18:26:00+00:00,1712773610,1872,173212,42.5,27.2,0.855,1.1,1.205
2024-04-10 18:28:00+00:00,1712773730,1872,173212,42.5,27.2,0.61,1.2,1.155
2024-04-10 18:30:00+00:00,1712773850,1872,173212,42.5,27.2,0.92,1.2,1.56
2024-04-10 18:32:00+00:00,1712773970,1872,173212,42.5,27.2,0.975,1.1,1.345
2024-04-10 18:34:00+00:00,1712774090,1872,173212,42.5,27.2,0.6,1.1,0.9
2024-04-10 18:36:00+00:00,1712774210,1872,173212,42.5,27.2,0.9,1.3,1.68
2024-04-10 18:38:00+00:00,1712774330,1872,173212,42.5,27.2,0.68,1.2,1.165
2024-04-10 18:40:00+00:00,1712774450,1872,173212,42.5,27.2,0.685,1.2,1.24
2024-04-10 18:42:00+00:00,1712774570,1872,173212,42.5,27.2,0.81,1.1,1.14
2024-04-10 18:44:00+00:00,1712774690,1872,173212,42.5,27.2,0.88,1.1,1.38
2024-04-10 18:46:00+00:00,1712774810,1872,173212,42.5,27.2,0.745,1.1,1.095
2024-04-10 18:48:00+00:00,1712774930,1872,173212,42.5,27.2,0.7,1.1,1.04
2024-04-10 18:50:00+00:00,1712775050,1872,173212,42.5,27.2,0.675,1.2,1.34
2024-04-10 18:52:00+00:00,1712775170,1872,173212,42.5,27.2,0.685,1.1,1.135
2024-04-10 18:54:00+00:00,1712775290,1872,173212,42.5,27.2,0.53,1.1,1.155
2024-04-10 18:56:00+00:00,1712775410,1872,173212,42.5,27.2,0.91,1.2,1.32
2024-04-10 18:58:00+00:00,1712775530,1872,173212,42.5,27.2,0.98,1.3,1.555
2024-04-10 19:00:00+00:00,1712775650,1872,173212,42.5,27.2,0.885,1.3,1.415
2024-04-10 19:02:00+00:00,1712775770,1872,173212,42.5,27.2,0.975,1.2,1.39
2024-04-10 19:04:00+00:00,1712775890,1872,173212,42.5,27.2,0.95,1.2,1.59
2024-04-10 19:06:00+00:00,1712776010,1872,173212,42.5,27.2,0.71,1.2,1.455
2024-04-10 19:08:00+00:00,1712776130,1872,173212,42.5,27.2,0.955,1.3,1.695
2024-04-10 19:10:00+00:00,1712776250,1872,173212,42.5,27.2,0.94,1.2,1.46
2024-04-10 19:12:00+00:00,1712776370,1872,173212,42.5,27.2,0.89,1.2,1.47
2024-04-10 19:14:00+00:00,1712776490,1872,173212,42.5,27.2,0.93,1.3,1.41
2024-04-10 19:16:00+00:00,1712776610,1872,173212,42.5,27.2,1.01,1.2,1.36
2024-04-10 19:18:00+00:00,1712776730,1872,173212,42.5,27.2,0.685,1.3,1.445
2024-04-10 19:20:00+00:00,1712776851,1872,173212,42.5,27.2,0.75,1.2,1.32
2024-04-10 19:22:00+00:00,1712776971,1872,173212,42.5,27.2,0.975,1.3,1.405
2024-04-10 19:24:00+00:00,1712777091,1872,173212,42.5,27.2,0.755,1.2,1.155
2024-04-10 19:26:00+00:00,1712777211,1872,173212,42.5,27.2,0.785,1.3,1.32
2024-04-10 19:28:00+00:00,1712777331,1872,173212,42.5,27.2,0.895,1.2,1.25
