date_time_utc,time_stamp,group_id,member_id,humidity,temperature,pm1.0_atm,pm2.5_alt,pm10.0_atm
2024-04-10 14:00:00+00:00,1712757630,1872,173210,36.0,27.5,1.875,1.9,2.98
2024-04-10 14:02:00+00:00,1712757750,1872,173210,36.5,26.9,1.76,1.9,2.82
2024-04-10 14:04:00+00:00,1712757869,1872,173210,36.0,26.9,1.68,1.7,2.735
2024-04-10 14:06:00+00:00,1712757989,1872,173210,36.0,26.9,1.62,1.7,2.465
2024-04-10 14:08:00+00:00,1712758109,1872,173210,36.5,26.9,1.425,1.6,2.73
2024-04-10 14:10:00+00:00,1712758229,1872,173210,36.5,26.9,1.735,1.7,2.695
2024-04-10 14:12:00+00:00,1712758350,1872,173210,36.5,26.9,1.22,1.7,2.14
2024-04-10 14:14:00+00:00,1712758470,1872,173210,36.5,26.9,1.51,1.5,2.445
2024-04-10 14:16:00+00:00,1712758589,1872,173210,36.5,26.9,1.46,1.5,2.34
2024-04-10 14:18:00+00:00,1712758710,1872,173210,36.5,26.9,1.09,1.6,2.25
2024-04-10 14:20:00+00:00,1712758829,1872,173210,36.5,26.9,1.085,1.6,2.175
2024-04-10 14:22:00+00:00,1712758949,1872,173210,37.0,26.9,1.34,1.4,1.97
2024-04-10 14:24:00+00:00,1712759069,1872,173210,37.0,26.9,0.82,1.4,1.955
2024-04-10 14:26:00+00:00,1712759189,1872,173210,36.5,26.9,1.365,1.6,2.315
2024-04-10 14:28:00+00:00,1712759310,1872,173210,37.0,26.9,0.92,1.4,1.765
2024-04-10 14:30:00+00:00,1712759429,1872,173210,37.0,26.9,0.885,1.5,1.875
2024-04-10 14:32:00+00:00,1712759550,1872,173210,37.0,26.9,0.945,1.5,1.92
2024-04-10 14:34:00+00:00,1712759670,1872,173210,37.0,27.5,1.085,1.4,1.52
2024-04-10 14:36:00+00:00,1712759789,1872,173210,37.0,27.5,0.955,1.3,1.45
2024-04-10 14:38:00+00:00,1712759910,1872,173210,37.0,27.5,1.405,1.6,2.09
2024-04-10 14:40:00+00:00,1712760029,1872,173210,37.0,27.5,0.92,1.2,1.27
2024-04-10 14:42:00+00:00,1712760149,1872,173210,37.0,27.5,1.165,1.3,2.225
2024-04-10 14:44:00+00:00,1712760269,1872,173210,37.5,27.5,0.83,1.4,1.645
2024-04-10 14:46:00+00:00,1712760389,1872,173210,37.5,27.5,1.145,1.5,1.865
2024-04-10 14:48:00+00:00,1712760509,1872,173210,37.5,27.5,0.795,1.4,1.525
2024-04-10 14:50:00+00:00,1712760629,1872,173210,37.5,27.5,0.87,1.5,1.745
2024-04-10 14:52:00+00:00,1712760749,1872,173210,37.5,27.5,1.015,1.4,1.955
2024-04-10 14:54:00+00:00,1712760870,1872,173210,37.5,27.5,0.985,1.5,1.78
2024-04-10 14:56:00+00:00,1712760990,1872,173210,37.5,27.5,0.875,1.4,1.89
2024-04-10 14:58:00+00:00,1712761110,1872,173210,37.5,27.5,0.8,1.2,1.765
2024-04-10 15:00:00+00:00,1712761230,1872,173210,37.5,27.5,0.875,1.2,1.36
2024-04-10 15:02:00+00:00,1712761350,1872,173210,37.5,27.5,0.765,1.4,1.79
2024-04-10 15:04:00+00:00,1712761470,1872,173210,37.5,27.5,0.775,1.4,1.675
2024-04-10 15:06:00+00:00,1712761590,1872,173210,38.0,27.5,1.01,1.3,1.6
2024-04-10 15:08:00+00:00,1712761710,1872,173210,38.0,27.5,0.435,1.1,0.745
2024-04-10 15:10:00+00:00,1712761830,1872,173210,38.0,27.5,1.01,1.4,2.1
2024-04-10 15:12:00+00:00,1712761950,1872,173210,38.0,27.5,1.105,1.3,1.96
2024-04-10 15:14:00+00:00,1712762070,1872,173210,38.0,27.5,0.89,1.4,1.71
2024-04-10 15:16:00+00:00,1712762190,1872,173210,38.5,27.5,0.645,1.3,1.62
2024-04-10 15:18:00+00:00,1712762310,1872,173210,38.5,27.5,0.905,1.2,1.835
2024-04-10 15:20:00+00:00,1712762431,1872,173210,38.5,27.5,0.86,1.3,1.425
2024-04-10 15:22:00+00:00,1712762550,1872,173210,38.5,27.5,0.815,1.2,1.37
2024-04-10 15:24:00+00:00,1712762670,1872,173210,38.5,27.5,0.88,1.2,1.325
2024-04-10 15:26:00+00:00,1712762790,1872,173210,38.5,27.5,0.89,1.2,1.64
2024-04-10 15:28:00+00:00,1712762910,1872,173210,38.5,27.5,0.94,1.3,1.805
2024-04-10 15:30:00+00:00,1712763030,1872,173210,38.5,27.5,1.135,1.4,1.585
2024-04-10 15:32:00+00:00,1712763150,1872,173210,38.5,27.5,0.88,1.1,1.29
2024-04-10 15:34:00+00:00,1712763270,1872,173210,38.5,27.5,0.795,1.2,1.46
2024-04-10 15:36:00+00:00,1712763390,1872,173210,38.5,27.5,0.775,1.4,1.5
2024-04-10 15:38:00+00:00,1712763510,1872,173210,38.5,27.5,0.995,1.1,1.645
2024-04-10 15:40:00+00:00,1712763630,1872,173210,38.5,27.5,0.765,1.3,1.485
2024-04-10 15:42:00+00:00,1712763750,1872,173210,38.5,27.5,0.735,1.1,1.085
2024-04-10 15:44:00+00:00,1712763870,1872,173210,38.5,27.5,0.74,0.9,1.075
2024-04-10 15:46:00+00:00,1712763990,1872,173210,38.5,27.5,0.85,1.1,1.495
2024-04-10 15:48:00+00:00,1712764110,1872,173210,38.5,27.5,0.825,1.2,1.3
2024-04-10 15:50:00+00:00,1712764230,1872,173210,39.0,27.5,0.58,1.0,1.13
2024-04-10 15:52:00+00:00,1712764350,1872,173210,39.0,27.5,0.655,1.3,1.34
2024-04-10 15:54:00+00:00,1712764471,1872,173210,38.5,27.5,0.495,1.1,1.045
2024-04-10 15:56:00+00:00,1712764591,1872,173210,38.5,27.5,0.51,1.2,1.11
2024-04-10 15:58:00+00:00,1712764711,1872,173210,39.0,27.5,0.95,1.1,1.495
2024-04-10 16:00:00+00:00,1712764831,1872,173210,39.0,27.5,0.92,1.2,1.655
2024-04-10 16:02:00+00:00,1712764951,1872,173210,39.0,27.5,0.79,1.1,1.245
2024-04-10 16:04:00+00:00,1712765071,1872,173210,39.5,27.5,1.0,1.1,1.6
2024-04-10 16:06:00+00:00,1712765191,1872,173210,39.0,27.5,0.735,1.2,1.645
2024-04-10 16:08:00+00:00,1712765311,1872,173210,39.0,27.5,0.81,1.3,1.295
2024-04-10 16:10:00+00:00,1712765432,1872,173210,39.5,27.5,0.81,1.1,1.39
2024-04-10 16:12:00+00:00,1712765551,1872,173210,39.5,27.5,0.99,1.2,1.515
2024-04-10 16:14:00+00:00,1712765671,1872,173210,39.5,27.5,0.885,1.3,1.32
2024-04-10 16:16:00+00:00,1712765791,1872,173210,39.5,27.5,0.44,1.1,0.69
2024-04-10 16:18:00+00:00,1712765911,1872,173210,39.5,27.5,0.59,1.2,0.915
2024-04-10 16:20:00+00:00,1712766031,1872,173210,39.5,27.5,0.655,1.1,1.06
2024-04-10 16:22:00+00:00,1712766151,1872,173210,39.5,27.5,0.57,1.1,1.195
2024-04-10 16:24:00+00:00,1712766271,1872,173210,39.5,27.5,0.96,1.1,1.275
2024-04-10 16:26:00+00:00,1712766391,1872,173210,39.5,27.5,0.56,1.1,1.355
2024-04-10 16:28:00+00:00,1712766511,1872,173210,39.5,27.5,0.57,1.1,1.25
2024-04-10 16:30:00+00:00,1712766631,1872,173210,39.5,27.5,0.395,0.9,1.03
2024-04-10 16:32:00+00:00,1712766752,1872,173210,39.5,27.5,0.735,1.2,1.115
2024-04-10 16:34:00+00:00,1712766871,1872,173210,39.5,27.5,0.46,1.0,1.2
2024-04-10 16:36:00+00:00,1712766991,1872,173210,39.5,27.5,0.845,1.1,1.185
2024-04-10 16:38:00+00:00,1712767111,1872,173210,39.5,27.5,0.875,1.2,1.8
2024-04-10 16:40:00+00:00,1712767231,1872,173210,39.5,27.5,0.65,1.0,1.36
2024-04-10 16:42:00+00:00,1712767351,1872,173210,39.5,27.5,0.59,1.0,0.965
2024-04-10 16:44:00+00:00,1712767471,1872,173210,39.5,27.5,0.745,1.0,1.145
2024-04-10 16:46:00+00:00,1712767591,1872,173210,39.5,27.5,0.605,1.0,1.01
2024-04-10 16:48:00+00:00,1712767711,1872,173210,39.5,27.5,0.545,1.1,1.235
2024-04-10 16:50:00+00:00,1712767831,1872,173210,39.5,27.5,0.64,1.0,1.15
2024-04-10 16:52:00+00:00,1712767951,1872,173210,39.5,27.5,0.745,1.0,1.09
2024-04-10 16:54:00+00:00,1712768073,1872,173210,39.5,27.5,0.6,1.0,0.885
2024-04-10 16:56:00+00:00,1712768192,1872,173210,39.5,27.5,0.76,1.0,1.37
2024-04-10 16:58:00+00:00,1712768312,1872,173210,39.5,27.5,0.785,1.1,1.235
2024-04-10 17:00:00+00:00,1712768432,1872,173210,39.5,27.5,0.515,1.1,0.94
2024-04-10 17:02:00+00:00,1712768552,1872,173210,39.5,27.5,0.575,1.1,1.05
2024-04-10 17:04:00+00:00,1712768672,1872,173210,39.5,27.5,0.77,1.0,1.34
2024-04-10 17:06:00+00:00,1712768792,1872,173210,39.5,27.5,0.465,0.9,0.91
2024-04-10 17:08:00+00:00,1712768912,1872,173210,39.5,27.5,0.7,1.1,1.36
2024-04-10 17:10:00+00:00,1712769032,1872,173210,39.5,27.5,0.82,1.1,1.32
2024-04-10 17:12:00+00:00,1712769152,1872,173210,39.5,27.5,0.895,1.0,1.255
2024-04-10 17:14:00+00:00,1712769272,1872,173210,39.5,27.5,0.58,1.1,1.06
2024-04-10 17:16:00+00:00,1712769392,1872,173210,40.5,27.5,0.41,1.0,0.79
2024-04-10 17:18:00+00:00,1712769512,1872,173210,39.5,27.5,0.52,1.0,1.045
2024-04-10 17:20:00+00:00,1712769632,1872,173210,39.5,27.5,0.53,1.0,1.01
2024-04-10 17:22:00+00:00,1712769752,1872,173210,40.5,27.5,0.495,1.1,0.865
2024-04-10 17:24:00+00:00,1712769872,1872,173210,40.5,27.5,0.56,1.1,1.235
2024-04-10 17:26:00+00:00,1712769992,1872,173210,40.0,27.5,0.645,1.2,1.14
2024-04-10 17:28:00+00:00,1712770112,1872,173210,40.0,27.5,0.785,1.1,1.29
2024-04-10 17:30:00+00:00,1712770232,1872,173210,40.5,27.5,0.88,1.2,1.94
2024-04-10 17:32:00+00:00,1712770352,1872,173210,40.5,27.5,0.62,1.0,0.9
2024-04-10 17:34:00+00:00,1712770472,1872,173210,40.5,27.5,0.68,1.1,0.9
2024-04-10 17:36:00+00:00,1712770592,1872,173210,40.5,27.5,0.67,1.0,0.925
2024-04-10 17:38:00+00:00,1712770712,1872,173210,40.5,27.5,0.43,1.0,0.85
2024-04-10 17:40:00+00:00,1712770832,1872,173210,40.5,27.5,0.44,1.1,0.7
2024-04-10 17:42:00+00:00,1712770952,1872,173210,40.5,27.5,0.305,1.1,0.99
2024-04-10 17:44:00+00:00,1712771072,1872,173210,40.5,27.5,0.485,0.9,0.735
2024-04-10 17:46:00+00:00,1712771192,1872,173210,40.5,27.5,0.49,1.2,1.055
2024-04-10 17:48:00+00:00,1712771312,1872,173210,40.5,27.5,0.475,0.9,0.95
2024-04-10 17:50:00+00:00,1712771432,1872,173210,40.5,27.5,0.83,1.2,1.34
2024-04-10 17:52:00+00:00,1712771552,1872,173210,40.5,27.5,0.61,1.0,0.92
2024-04-10 17:54:00+00:00,1712771673,1872,173210,40.5,27.5,0.705,0.9,1.135
2024-04-10 17:56:00+00:00,1712771793,1872,173210,40.5,27.5,0.435,0.9,1.115
2024-04-10 17:58:00+00:00,1712771913,1872,173210,40.5,27.5,0.69,1.1,1.265
2024-04-10 18:00:00+00:00,1712772033,1872,173210,40.5,27.5,0.575,1.0,1.055
2024-04-10 18:02:00+00:00,1712772153,1872,173210,40.5,27.5,0.625,0.9,1.05
2024-04-10 18:04:00+00:00,1712772273,1872,173210,40.5,27.5,0.505,1.1,0.885
2024-04-10 18:06:00+00:00,1712772393,1872,173210,40.5,27.5,0.6,0.9,1.05
2024-04-10 18:08:00+00:00,1712772513,1872,173210,40.5,27.5,0.645,1.0,1.17
2024-04-10 18:10:00+00:00,1712772633,1872,173210,40.5,27.5,0.705,1.0,1.1
2024-04-10 18:12:00+00:00,1712772753,1872,173210,40.5,27.5,0.7,1.0,0.975
2024-04-10 18:14:00+00:00,1712772873,1872,173210,40.5,27.5,0.66,1.1,1.095
2024-04-10 18:16:00+00:00,1712772993,1872,173210,40.5,27.5,0.515,1.0,1.29
2024-04-10 18:18:00+00:00,1712773113,1872,173210,40.5,27.5,0.685,1.1,1.23
2024-04-10 18:20:00+00:00,1712773233,1872,173210,40.5,27.5,0.54,0.9,1.07
2024-04-10 18:22:00+00:00,1712773353,1872,173210,40.5,27.5,0.97,1.2,1.46
2024-04-10 18:24:00+00:00,1712773473,1872,173210,40.5,27.5,0.645,1.0,1.085
2024-04-10 18:26:00+00:00,1712773593,1872,173210,40.5,27.5,0.63,1.0,0.755
2024-04-10 18:28:00+00:00,1712773713,1872,173210,40.5,27.5,0.645,1.1,1.115
2024-04-10 18:30:00+00:00,1712773833,1872,173210,40.5,27.5,0.385,1.0,1.135
2024-04-10 18:32:00+00:00,1712773953,1872,173210,40.5,27.5,0.645,1.0,1.105
2024-04-10 18:34:00+00:00,1712774073,1872,173210,40.5,27.5,0.65,1.1,0.955
2024-04-10 18:36:00+00:00,1712774193,1872,173210,40.5,27.5,0.77,1.0,1.13
2024-04-10 18:38:00+00:00,1712774313,1872,173210,40.5,27.5,0.61,1.0,0.87
2024-04-10 18:40:00+00:00,1712774433,1872,173210,40.5,27.5,0.71,1.1,1.005
2024-04-10 18:42:00+00:00,1712774553,1872,173210,40.5,27.5,0.85,1.2,1.195
2024-04-10 18:44:00+00:00,1712774673,1872,173210,40.5,27.5,0.65,1.1,1.1
2024-04-10 18:46:00+00:00,1712774798,1872,173210,40.5,27.5,0.63,1.0,1.05
2024-04-10 18:48:00+00:00,1712774913,1872,173210,40.5,27.5,0.785,1.1,1.135
2024-04-10 18:50:00+00:00,1712775033,1872,173210,40.5,27.5,0.54,1.0,1.19
2024-04-10 18:52:00+00:00,1712775153,1872,173210,40.5,27.5,0.59,1.0,1.155
2024-04-10 18:54:00+00:00,1712775274,1872,173210,40.5,27.5,0.74,1.2,1.03
2024-04-10 18:56:00+00:00,1712775394,1872,173210,40.5,27.5,0.49,1.0,1.05
2024-04-10 18:58:00+00:00,1712775514,1872,173210,40.5,27.5,0.965,1.1,1.665
2024-04-10 19:00:00+00:00,1712775634,1872,173210,40.5,27.5,0.625,1.0,0.98
2024-04-10 19:02:00+00:00,1712775754,1872,173210,40.5,27.5,0.805,1.1,1.215
2024-04-10 19:04:00+00:00,1712775874,1872,173210,40.5,27.5,0.795,1.1,1.285
2024-04-10 19:06:00+00:00,1712775994,1872,173210,40.5,27.5,0.48,1.1,0.96
2024-04-10 19:08:00+00:00,1712776114,1872,173210,40.5,27.5,0.83,1.2,1.3
2024-04-10 19:10:00+00:00,1712776234,1872,173210,40.5,27.5,0.73,1.0,1.05
2024-04-10 19:12:00+00:00,1712776354,1872,173210,40.5,27.5,0.745,1.1,1.2
2024-04-10 19:14:00+00:00,1712776474,1872,173210,40.5,27.5,0.66,1.1,1.235
2024-04-10 19:16:00+00:00,1712776594,1872,173210,40.5,27.5,0.59,1.0,1.045
2024-04-10 19:18:00+00:00,1712776714,1872,173210,40.5,27.5,0.74,1.0,1.425
2024-04-10 19:20:00+00:00,1712776834,1872,173210,40.5,27.2,0.53,1.1,1.155
2024-04-10 19:22:00+00:00,1712776954,1872,173210,41.5,26.9,0.525,0.8,0.83
2024-04-10 19:24:00+00:00,1712777074,1872,173210,40.5,27.5,0.815,1.0,1.38
2024-04-10 19:26:00+00:00,1712777194,1872,173210,40.5,27.2,0.79,1.1,1.24
2024-04-10 19:28:00+00:00,1712777314,1872,173210,40.5,27.5,0.6,1.1,0.9
