date_time_utc,time_stamp,group_id,member_id,humidity,temperature,pm1.0_atm,pm2.5_alt,pm10.0_atm
2024-04-10 14:00:00+00:00,1712757657,1872,173213,37.0,26.9,1.6,1.6,2.415
2024-04-10 14:02:00+00:00,1712757777,1872,173213,37.0,26.9,1.9,1.8,2.675
2024-04-10 14:04:00+00:00,1712757897,1872,173213,37.0,26.9,1.375,1.6,2.105
2024-04-10 14:06:00+00:00,1712758017,1872,173213,37.0,26.9,1.77,1.8,2.76
2024-04-10 14:08:00+00:00,1712758138,1872,173213,37.0,26.7,1.61,1.8,2.825
2024-04-10 14:10:00+00:00,1712758258,1872,173213,37.0,26.7,1.695,1.9,2.695
2024-04-10 14:12:00+00:00,1712758377,1872,173213,37.0,26.7,1.115,1.6,2.035
2024-04-10 14:14:00+00:00,1712758498,1872,173213,37.0,26.7,1.295,1.4,2.075
2024-04-10 14:16:00+00:00,1712758618,1872,173213,37.0,26.7,1.225,1.3,1.97
2024-04-10 14:18:00+00:00,1712758738,1872,173213,37.0,26.7,1.335,1.5,1.83
2024-04-10 14:20:00+00:00,1712758857,1872,173213,37.0,26.9,1.48,1.6,2.075
2024-04-10 14:22:00+00:00,1712758977,1872,173213,37.0,26.9,1.21,1.4,1.99
2024-04-10 14:24:00+00:00,1712759097,1872,173213,37.0,26.9,1.25,1.5,1.94
2024-04-10 14:26:00+00:00,1712759218,1872,173213,37.0,26.9,1.045,1.7,2.17
2024-04-10 14:28:00+00:00,1712759337,1872,173213,37.0,26.9,1.11,1.3,2.0
2024-04-10 14:30:00+00:00,1712759458,1872,173213,37.5,26.9,0.955,1.3,1.805
2024-04-10 14:32:00+00:00,1712759578,1872,173213,37.5,26.9,0.845,1.5,1.725
2024-04-10 14:34:00+00:00,1712759698,1872,173213,37.5,26.9,1.35,1.3,2.15
2024-04-10 14:36:00+00:00,1712759817,1872,173213,37.5,27.2,1.085,1.4,2.02
2024-04-10 14:38:00+00:00,1712759939,1872,173213,37.5,27.2,0.965,1.4,2.19
2024-04-10 14:40:00+00:00,1712760058,1872,173213,37.5,27.2,0.93,1.4,1.965
2024-04-10 14:42:00+00:00,1712760178,1872,173213,38.0,26.9,1.115,1.4,1.75
2024-04-10 14:44:00+00:00,1712760298,1872,173213,38.0,27.2,1.28,1.4,1.685
2024-04-10 14:46:00+00:00,1712760418,1872,173213,38.0,27.2,1.025,1.3,1.8
2024-04-10 14:48:00+00:00,1712760537,1872,173213,38.0,27.2,0.715,1.2,1.295
2024-04-10 14:50:00+00:00,1712760658,1872,173213,38.0,27.2,0.76,1.3,1.535
2024-04-10 14:52:00+00:00,1712760778,1872,173213,38.0,27.2,0.58,1.4,1.44
2024-04-10 14:54:00+00:00,1712760898,1872,173213,38.0,27.2,0.58,1.3,1.275
2024-04-10 14:56:00+00:00,1712761018,1872,173213,38.0,27.2,1.255,1.4,1.725
2024-04-10 14:58:00+00:00,1712761138,1872,173213,38.0,27.2,1.425,1.4,2.105
2024-04-10 15:00:00+00:00,1712761258,1872,173213,38.0,27.2,0.96,1.2,1.735
2024-04-10 15:02:00+00:00,1712761379,1872,173213,39.0,26.7,4.285,2.7,5.535
2024-04-10 15:04:00+00:00,1712761500,1872,173213,39.0,26.7,14.03,6.9,20.02
2024-04-10 15:06:00+00:00,1712761619,1872,173213,39.0,26.9,12.42,6.0,18.865
2024-04-10 15:08:00+00:00,1712761740,1872,173213,39.0,26.7,14.755,8.2,22.69
2024-04-10 15:10:00+00:00,1712761860,1872,173213,39.0,26.9,14.0,6.2,19.26
2024-04-10 15:12:00+00:00,1712761979,1872,173213,39.0,26.7,12.265,6.4,16.57
2024-04-10 15:14:00+00:00,1712762100,1872,173213,39.0,26.9,14.715,7.2,20.405
2024-04-10 15:16:00+00:00,1712762220,1872,173213,39.5,26.9,9.31,5.4,14.95
2024-04-10 15:18:00+00:00,1712762340,1872,173213,40.0,26.7,9.64,5.3,16.29
2024-04-10 15:20:00+00:00,1712762460,1872,173213,40.0,26.9,14.235,8.3,23.26
2024-04-10 15:22:00+00:00,1712762580,1872,173213,40.0,26.9,10.865,5.3,16.06
2024-04-10 15:24:00+00:00,1712762700,1872,173213,40.0,26.7,13.805,7.7,22.31
2024-04-10 15:26:00+00:00,1712762820,1872,173213,40.0,26.9,20.45,13.1,38.245
2024-04-10 15:28:00+00:00,1712762940,1872,173213,40.0,26.9,12.635,10.5,32.515
2024-04-10 15:30:00+00:00,1712763059,1872,173213,40.0,26.7,18.63,12.7,34.935
2024-04-10 15:32:00+00:00,1712763178,1872,173213,39.5,27.2,81.415,41.4,98.9
2024-04-10 15:34:00+00:00,1712763298,1872,173213,39.5,27.2,67.905,35.4,85.795
2024-04-10 15:36:00+00:00,1712763418,1872,173213,39.5,27.2,43.28,26.8,64.955
2024-04-10 15:38:00+00:00,1712763538,1872,173213,39.5,27.2,41.11,25.8,62.0
2024-04-10 15:40:00+00:00,1712763658,1872,173213,39.5,27.2,35.78,23.2,59.105
2024-04-10 15:42:00+00:00,1712763778,1872,173213,40.0,27.2,63.02,30.7,77.73
2024-04-10 15:44:00+00:00,1712763899,1872,173213,40.0,27.2,89.2,43.7,107.62
2024-04-10 15:46:00+00:00,1712764018,1872,173213,39.5,27.2,52.515,34.3,74.405
2024-04-10 15:48:00+00:00,1712764138,1872,173213,40.0,27.2,65.045,37.3,83.98
2024-04-10 15:50:00+00:00,1712764258,1872,173213,40.0,27.2,41.275,24.4,61.9
2024-04-10 15:52:00+00:00,1712764378,1872,173213,40.5,27.2,54.15,28.4,69.305
2024-04-10 15:54:00+00:00,1712764498,1872,173213,40.0,27.2,34.21,20.6,49.67
2024-04-10 15:56:00+00:00,1712764618,1872,173213,40.0,27.2,49.25,25.0,62.925
2024-04-10 15:58:00+00:00,1712764738,1872,173213,40.0,27.2,75.25,37.7,89.71
2024-04-10 16:00:00+00:00,1712764858,1872,173213,39.5,27.2,73.22,37.1,83.765
2024-04-10 16:02:00+00:00,1712764978,1872,173213,40.0,27.2,3.35,3.2,43.895
2024-04-10 16:04:00+00:00,1712765099,1872,173213,40.5,27.2,1.055,2.5,41.63
2024-04-10 16:06:00+00:00,1712765219,1872,173213,39.5,27.2,1.175,1.9,33.475
2024-04-10 16:08:00+00:00,1712765339,1872,173213,40.0,27.2,1.155,2.0,36.98
2024-04-10 16:10:00+00:00,1712765459,1872,173213,40.0,27.2,1.19,2.1,35.485
2024-04-10 16:12:00+00:00,1712765579,1872,173213,39.5,27.2,0.965,1.4,31.58
2024-04-10 16:14:00+00:00,1712765699,1872,173213,39.5,27.2,1.78,2.5,33.575
2024-04-10 16:16:00+00:00,1712765819,1872,173213,40.0,27.2,1.71,3.1,29.415
2024-04-10 16:18:00+00:00,1712765939,1872,173213,39.5,27.2,1.53,1.5,7.09
2024-04-10 16:20:00+00:00,1712766059,1872,173213,39.5,27.2,1.45,1.4,7.605
2024-04-10 16:22:00+00:00,1712766179,1872,173213,40.5,27.2,1.705,1.8,12.245
2024-04-10 16:24:00+00:00,1712766299,1872,173213,40.5,27.2,2.41,2.2,10.185
2024-04-10 16:26:00+00:00,1712766419,1872,173213,39.5,27.5,1.68,2.0,23.135
2024-04-10 16:28:00+00:00,1712766539,1872,173213,40.5,27.2,2.245,2.2,10.235
2024-04-10 16:30:00+00:00,1712766659,1872,173213,40.5,27.2,2.335,2.2,10.965
2024-04-10 16:32:00+00:00,1712766779,1872,173213,40.5,27.2,1.64,2.6,3.68
2024-04-10 16:34:00+00:00,1712766899,1872,173213,40.5,27.2,1.41,4.0,9.39
2024-04-10 16:36:00+00:00,1712767019,1872,173213,40.5,27.2,0.235,1.8,4.57
2024-04-10 16:38:00+00:00,1712767139,1872,173213,40.5,27.2,0.135,1.9,3.32
2024-04-10 16:40:00+00:00,1712767259,1872,173213,40.5,27.2,0.235,6.6,10.875
2024-04-10 16:42:00+00:00,1712767379,1872,173213,40.5,27.2,1.035,8.7,11.705
2024-04-10 16:44:00+00:00,1712767499,1872,173213,40.5,27.2,3.055,7.9,9.91
2024-04-10 16:46:00+00:00,1712767619,1872,173213,40.5,27.2,2.505,7.4,9.94
2024-04-10 16:48:00+00:00,1712767739,1872,173213,40.5,27.2,5.095,10.7,13.485
2024-04-10 16:50:00+00:00,1712767860,1872,173213,40.5,27.2,3.61,8.7,10.71
2024-04-10 16:52:00+00:00,1712767979,1872,173213,40.5,27.2,3.955,9.7,12.87
2024-04-10 16:54:00+00:00,1712768099,1872,173213,40.5,27.2,2.93,5.4,7.03
2024-04-10 16:56:00+00:00,1712768219,1872,173213,40.5,27.2,4.145,4.3,6.82
2024-04-10 16:58:00+00:00,1712768339,1872,173213,40.5,27.2,0.855,2.0,2.015
2024-04-10 17:00:00+00:00,1712768459,1872,173213,40.5,27.2,0.615,1.9,1.705
2024-04-10 17:02:00+00:00,1712768579,1872,173213,40.5,27.2,0.5,1.0,0.955
2024-04-10 17:04:00+00:00,1712768700,1872,173213,40.5,27.2,0.475,1.0,0.805
2024-04-10 17:06:00+00:00,1712768820,1872,173213,40.5,27.2,0.745,1.2,1.5
2024-04-10 17:08:00+00:00,1712768940,1872,173213,40.5,27.2,0.845,1.2,1.515
2024-04-10 17:10:00+00:00,1712769060,1872,173213,40.5,27.2,0.865,1.1,2.49
2024-04-10 17:12:00+00:00,1712769180,1872,173213,40.5,27.2,1.48,1.6,8.28
2024-04-10 17:14:00+00:00,1712769300,1872,173213,40.5,27.2,1.435,1.7,7.155
2024-04-10 17:16:00+00:00,1712769420,1872,173213,40.5,27.2,1.305,1.4,7.07
2024-04-10 17:18:00+00:00,1712769540,1872,173213,40.5,27.2,1.705,1.5,7.82
2024-04-10 17:20:00+00:00,1712769660,1872,173213,40.5,27.2,1.965,1.9,11.985
2024-04-10 17:22:00+00:00,1712769780,1872,173213,40.5,27.2,1.98,2.0,11.135
2024-04-10 17:24:00+00:00,1712769900,1872,173213,40.5,27.2,1.19,1.3,4.14
2024-04-10 17:26:00+00:00,1712770020,1872,173213,40.5,27.2,1.385,1.3,6.645
2024-04-10 17:28:00+00:00,1712770140,1872,173213,40.5,27.2,1.025,1.4,5.935
2024-04-10 17:30:00+00:00,1712770261,1872,173213,42.0,26.7,13.97,7.0,21.925
2024-04-10 17:32:00+00:00,1712770381,1872,173213,42.0,26.7,8.965,5.1,16.27
2024-04-10 17:34:00+00:00,1712770501,1872,173213,42.0,26.7,7.06,4.2,13.845
2024-04-10 17:36:00+00:00,1712770621,1872,173213,42.0,26.7,17.435,7.9,25.4
2024-04-10 17:38:00+00:00,1712770741,1872,173213,42.0,26.7,6.62,4.3,13.795
2024-04-10 17:40:00+00:00,1712770861,1872,173213,42.0,26.7,8.735,4.4,13.915
2024-04-10 17:42:00+00:00,1712770981,1872,173213,42.0,26.7,12.575,6.0,19.395
2024-04-10 17:44:00+00:00,1712771101,1872,173213,42.0,26.7,7.355,3.9,11.31
2024-04-10 17:46:00+00:00,1712771220,1872,173213,40.5,27.2,9.855,4.7,14.35
2024-04-10 17:48:00+00:00,1712771340,1872,173213,40.5,27.2,1.09,1.8,1.915
2024-04-10 17:50:00+00:00,1712771460,1872,173213,41.0,27.2,1.315,2.4,2.315
2024-04-10 17:52:00+00:00,1712771580,1872,173213,41.0,27.2,0.945,2.4,2.735
2024-04-10 17:54:00+00:00,1712771700,1872,173213,41.5,27.2,1.035,2.6,2.61
2024-04-10 17:56:00+00:00,1712771820,1872,173213,41.5,27.2,1.005,2.6,2.81
2024-04-10 17:58:00+00:00,1712771940,1872,173213,41.5,27.2,1.295,2.4,2.59
2024-04-10 18:00:00+00:00,1712772060,1872,173213,41.5,26.9,0.38,0.9,0.705
2024-04-10 18:02:00+00:00,1712772180,1872,173213,41.5,26.9,37.83,17.0,39.53
2024-04-10 18:04:00+00:00,1712772301,1872,173213,41.5,26.9,74.41,35.8,85.13
2024-04-10 18:06:00+00:00,1712772421,1872,173213,41.5,26.9,50.005,27.9,63.14
2024-04-10 18:08:00+00:00,1712772541,1872,173213,41.5,26.9,46.725,24.8,59.515
2024-04-10 18:10:00+00:00,1712772661,1872,173213,41.5,26.9,59.2,30.2,71.15
2024-04-10 18:12:00+00:00,1712772781,1872,173213,41.5,26.9,67.75,35.9,81.02
2024-04-10 18:14:00+00:00,1712772901,1872,173213,41.5,26.9,59.305,30.4,75.14
2024-04-10 18:16:00+00:00,1712773021,1872,173213,41.5,27.2,19.26,10.6,23.33
2024-04-10 18:18:00+00:00,1712773141,1872,173213,41.5,27.2,1.26,2.4,2.705
2024-04-10 18:20:00+00:00,1712773262,1872,173213,42.5,26.4,28.495,13.1,33.995
2024-04-10 18:22:00+00:00,1712773382,1872,173213,42.0,26.7,5.34,3.0,9.095
2024-04-10 18:24:00+00:00,1712773502,1872,173213,42.5,26.7,9.275,5.2,15.04
2024-04-10 18:26:00+00:00,1712773621,1872,173213,41.5,27.2,4.38,2.7,6.8
2024-04-10 18:28:00+00:00,1712773741,1872,173213,41.5,27.2,0.385,1.0,0.695
2024-04-10 18:30:00+00:00,1712773861,1872,173213,41.5,27.2,0.675,1.0,1.015
2024-04-10 18:32:00+00:00,1712773981,1872,173213,41.5,27.2,0.555,0.9,0.975
2024-04-10 18:34:00+00:00,1712774101,1872,173213,41.5,26.9,55.275,23.1,61.285
2024-04-10 18:36:00+00:00,1712774221,1872,173213,41.5,26.9,93.67,46.1,107.135
2024-04-10 18:38:00+00:00,1712774341,1872,173213,41.5,26.9,50.72,28.6,65.79
2024-04-10 18:40:00+00:00,1712774461,1872,173213,41.5,26.9,64.685,34.9,81.92
2024-04-10 18:42:00+00:00,1712774581,1872,173213,41.5,26.9,72.78,37.0,86.865
2024-04-10 18:44:00+00:00,1712774701,1872,173213,41.5,26.9,61.965,33.2,74.855
2024-04-10 18:46:00+00:00,1712774821,1872,173213,41.5,26.9,92.575,48.3,107.66
2024-04-10 18:48:00+00:00,1712774941,1872,173213,41.5,26.9,54.49,28.5,68.575
2024-04-10 18:50:00+00:00,1712775061,1872,173213,41.5,26.9,52.485,28.8,66.43
2024-04-10 18:52:00+00:00,1712775181,1872,173213,42.0,26.9,92.365,44.5,105.05
2024-04-10 18:54:00+00:00,1712775301,1872,173213,41.5,26.9,48.265,25.0,61.485
2024-04-10 18:56:00+00:00,1712775421,1872,173213,42.0,26.7,50.725,27.8,64.845
2024-04-10 18:58:00+00:00,1712775541,1872,173213,42.0,26.9,59.75,29.4,73.24
2024-04-10 19:00:00+00:00,1712775661,1872,173213,42.0,26.7,46.56,23.1,60.735
2024-04-10 19:02:00+00:00,1712775781,1872,173213,41.5,26.9,63.05,29.8,73.61
2024-04-10 19:04:00+00:00,1712775902,1872,173213,41.5,26.9,0.515,1.0,0.775
2024-04-10 19:06:00+00:00,1712776021,1872,173213,41.5,26.9,0.61,1.0,1.035
2024-04-10 19:08:00+00:00,1712776142,1872,173213,41.5,26.9,0.67,1.2,1.655
2024-04-10 19:10:00+00:00,1712776261,1872,173213,41.5,26.9,0.96,1.4,1.41
2024-04-10 19:12:00+00:00,1712776382,1872,173213,41.5,26.9,1.74,1.9,2.27
2024-04-10 19:14:00+00:00,1712776501,1872,173213,41.5,27.2,1.925,2.0,2.3
2024-04-10 19:16:00+00:00,1712776622,1872,173213,41.5,26.9,0.94,2.6,3.115
2024-04-10 19:18:00+00:00,1712776741,1872,173213,41.5,26.9,0.93,3.4,4.08
2024-04-10 19:20:00+00:00,1712776861,1872,173213,41.5,26.9,0.615,2.9,2.97
2024-04-10 19:22:00+00:00,1712776982,1872,173213,41.5,26.9,0.805,4.0,5.035
2024-04-10 19:24:00+00:00,1712777101,1872,173213,41.5,26.9,0.825,2.9,2.825
2024-04-10 19:26:00+00:00,1712777222,1872,173213,41.5,26.9,1.265,2.6,2.695
2024-04-10 19:28:00+00:00,1712777341,1872,173213,41.5,26.9,1.28,2.2,2.275
