date_time_utc,time_stamp,group_id,member_id,humidity,temperature,pm1.0_atm,pm2.5_alt,pm10.0_atm
2024-04-07 14:00:00+00:00,1712498408,1872,173211,42.5,88.5,3.43,3.0,4.79
2024-04-07 14:02:00+00:00,1712498528,1872,173211,43.0,88.5,3.365,2.8,5.21
2024-04-07 14:04:00+00:00,1712498648,1872,173211,43.5,88.5,3.165,2.6,4.53
2024-04-07 14:06:00+00:00,1712498768,1872,173211,43.5,88.5,2.96,2.5,4.375
2024-04-07 14:08:00+00:00,1712498888,1872,173211,43.5,88.5,3.04,2.8,4.3
2024-04-07 14:10:00+00:00,1712499008,1872,173211,43.5,88.5,3.005,2.6,4.165
2024-04-07 14:12:00+00:00,1712499128,1872,173211,43.5,88.5,2.94,2.6,3.81
2024-04-07 14:14:00+00:00,1712499248,1872,173211,43.5,88.5,3.17,2.7,4.65
2024-04-07 14:16:00+00:00,1712499368,1872,173211,43.5,88.5,2.89,2.6,3.98
2024-04-07 14:18:00+00:00,1712499488,1872,173211,43.5,88.5,3.08,2.7,4.625
2024-04-07 14:20:00+00:00,1712499608,1872,173211,43.5,88.5,3.04,2.7,4.585
2024-04-07 14:22:00+00:00,1712499728,1872,173211,43.5,88.5,2.88,2.1,3.97
2024-04-07 14:24:00+00:00,1712499848,1872,173211,43.5,88.5,3.23,2.5,4.405
2024-04-07 14:26:00+00:00,1712499969,1872,173211,44.5,88.5,2.855,2.4,3.845
2024-04-07 14:28:00+00:00,1712500089,1872,173211,44.5,88.5,2.715,2.5,4.22
2024-04-07 14:30:00+00:00,1712500209,1872,173211,44.5,88.5,2.81,2.4,4.355
2024-04-07 14:32:00+00:00,1712500329,1872,173211,44.5,88.5,3.22,2.5,4.18
2024-04-07 14:34:00+00:00,1712500449,1872,173211,44.5,88.5,2.975,2.5,3.68
2024-04-07 14:36:00+00:00,1712500569,1872,173211,44.5,88.5,2.525,2.6,3.75
2024-04-07 14:38:00+00:00,1712500689,1872,173211,44.5,88.5,2.98,2.4,4.035
2024-04-07 14:40:00+00:00,1712500809,1872,173211,44.5,88.5,2.94,2.5,4.335
2024-04-07 14:42:00+00:00,1712500929,1872,173211,44.5,88.5,2.82,2.3,3.785
2024-04-07 14:44:00+00:00,1712501049,1872,173211,44.5,88.5,2.665,2.3,3.62
2024-04-07 14:46:00+00:00,1712501169,1872,173211,44.5,88.5,2.725,2.2,3.475
2024-04-07 14:48:00+00:00,1712501289,1872,173211,44.5,88.5,2.775,2.3,3.565
2024-04-07 14:50:00+00:00,1712501409,1872,173211,44.5,88.5,2.635,2.4,3.78
2024-04-07 14:52:00+00:00,1712501529,1872,173211,44.5,88.5,2.4,2.1,3.085
2024-04-07 14:54:00+00:00,1712501649,1872,173211,44.5,88.5,2.745,2.4,3.78
2024-04-07 14:56:00+00:00,1712501769,1872,173211,44.5,88.5,2.385,2.1,2.81
2024-04-07 14:58:00+00:00,1712501889,1872,173211,44.5,88.5,2.55,2.2,3.54
2024-04-07 15:00:00+00:00,1712502009,1872,173211,44.5,88.5,2.87,2.5,3.735
2024-04-07 15:02:00+00:00,1712502129,1872,173211,44.5,88.5,2.605,2.2,3.425
2024-04-07 15:04:00+00:00,1712502249,1872,173211,44.5,88.5,2.775,2.1,3.74
2024-04-07 15:06:00+00:00,1712502369,1872,173211,44.5,88.0,2.22,2.2,2.78
2024-04-07 15:08:00+00:00,1712502489,1872,173211,44.5,88.0,2.055,2.0,2.76
2024-04-07 15:10:00+00:00,1712502609,1872,173211,44.5,88.0,2.255,2.2,3.345
2024-04-07 15:12:00+00:00,1712502729,1872,173211,44.5,88.5,2.265,2.1,2.955
2024-04-07 15:14:00+00:00,1712502849,1872,173211,44.5,88.5,2.34,2.2,3.14
2024-04-07 15:16:00+00:00,1712502969,1872,173211,44.5,88.0,2.445,2.1,3.18
2024-04-07 15:18:00+00:00,1712503089,1872,173211,44.5,88.0,2.49,2.0,3.245
2024-04-07 15:20:00+00:00,1712503209,1872,173211,44.5,88.0,2.465,2.0,3.435
2024-04-07 15:22:00+00:00,1712503329,1872,173211,44.5,88.5,2.16,2.0,3.185
2024-04-07 15:24:00+00:00,1712503449,1872,173211,44.5,89.0,1.83,2.0,2.71
2024-04-07 15:26:00+00:00,1712503570,1872,173211,43.5,89.0,1.79,1.8,2.485
2024-04-07 15:28:00+00:00,1712503690,1872,173211,43.5,89.5,1.79,1.9,2.79
2024-04-07 15:30:00+00:00,1712503810,1872,173211,43.0,90.0,1.67,1.7,2.315
2024-04-07 15:32:00+00:00,1712503930,1872,173211,42.5,90.0,1.75,1.9,2.52
2024-04-07 15:34:00+00:00,1712504050,1872,173211,42.5,90.5,1.625,1.9,2.29
2024-04-07 15:36:00+00:00,1712504170,1872,173211,42.0,90.5,1.615,1.7,2.825
2024-04-07 15:38:00+00:00,1712504290,1872,173211,41.5,91.0,1.475,1.5,2.0
2024-04-07 15:40:00+00:00,1712504410,1872,173211,41.5,91.0,1.745,1.8,2.43
2024-04-07 15:42:00+00:00,1712504530,1872,173211,41.0,91.5,1.18,1.5,1.51
2024-04-07 15:44:00+00:00,1712504650,1872,173211,41.0,91.5,1.215,1.5,2.035
2024-04-07 15:46:00+00:00,1712504770,1872,173211,40.5,91.5,1.05,1.5,1.65
2024-04-07 15:48:00+00:00,1712504890,1872,173211,40.5,92.0,1.055,1.5,1.6
2024-04-07 15:50:00+00:00,1712505010,1872,173211,40.0,92.0,0.76,1.4,1.365
2024-04-07 15:52:00+00:00,1712505130,1872,173211,39.5,91.5,1.25,1.8,1.795
2024-04-07 15:54:00+00:00,1712505250,1872,173211,41.5,88.5,1.195,1.7,2.02
2024-04-07 15:56:00+00:00,1712505370,1872,173211,43.5,87.5,1.455,1.6,2.135
2024-04-07 15:58:00+00:00,1712505490,1872,173211,45.0,86.5,1.53,1.6,2.055
2024-04-07 16:00:00+00:00,1712505610,1872,173211,46.0,86.0,1.775,1.6,2.445
2024-04-07 16:02:00+00:00,1712505734,1872,173211,46.5,85.5,1.71,1.8,2.385
2024-04-07 16:04:00+00:00,1712505850,1872,173211,47.0,85.0,1.52,1.6,2.195
2024-04-07 16:06:00+00:00,1712505970,1872,173211,47.5,85.0,1.62,1.6,2.535
2024-04-07 16:08:00+00:00,1712506090,1872,173211,48.0,84.5,1.905,1.6,2.2
2024-04-07 16:10:00+00:00,1712506210,1872,173211,48.5,86.0,1.79,1.7,2.645
2024-04-07 16:12:00+00:00,1712506330,1872,173211,47.0,86.5,1.7,1.8,2.16
2024-04-07 16:14:00+00:00,1712506450,1872,173211,46.5,86.5,1.79,1.7,2.405
2024-04-07 16:16:00+00:00,1712506570,1872,173211,46.0,87.0,1.37,1.8,2.42
2024-04-07 16:18:00+00:00,1712506690,1872,173211,45.5,87.0,1.81,1.9,2.295
2024-04-07 16:20:00+00:00,1712506810,1872,173211,45.5,87.5,1.65,2.2,2.46
2024-04-07 16:22:00+00:00,1712506930,1872,173211,45.5,87.5,1.81,1.8,2.625
2024-04-07 16:24:00+00:00,1712507050,1872,173211,44.5,87.5,1.57,1.6,2.07
2024-04-07 16:26:00+00:00,1712507171,1872,173211,44.5,87.5,1.725,1.7,2.43
2024-04-07 16:28:00+00:00,1712507291,1872,173211,44.5,87.5,1.65,1.8,2.14
2024-04-07 16:30:00+00:00,1712507411,1872,173211,44.5,88.0,1.765,1.8,2.445
2024-04-07 16:32:00+00:00,1712507531,1872,173211,44.5,88.0,1.77,1.7,2.34
2024-04-07 16:34:00+00:00,1712507651,1872,173211,44.5,88.0,1.67,1.6,2.085
2024-04-07 16:36:00+00:00,1712507771,1872,173211,44.5,88.0,1.475,1.7,2.485
2024-04-07 16:38:00+00:00,1712507891,1872,173211,44.5,88.0,1.84,1.8,2.715
2024-04-07 16:40:00+00:00,1712508011,1872,173211,44.5,88.0,1.83,1.8,2.62
2024-04-07 16:42:00+00:00,1712508131,1872,173211,44.5,88.0,1.765,1.8,2.435
2024-04-07 16:44:00+00:00,1712508251,1872,173211,44.5,88.0,1.65,1.8,2.485
2024-04-07 16:46:00+00:00,1712508371,1872,173211,44.0,88.0,2.045,1.6,2.595
2024-04-07 16:48:00+00:00,1712508491,1872,173211,43.5,88.5,1.63,1.5,2.395
2024-04-07 16:50:00+00:00,1712508611,1872,173211,43.5,89.0,1.59,1.8,2.11
2024-04-07 16:52:00+00:00,1712508731,1872,173211,43.0,89.0,1.745,1.7,2.16
2024-04-07 16:54:00+00:00,1712508851,1872,173211,42.5,89.5,1.33,1.6,2.19
2024-04-07 16:56:00+00:00,1712508971,1872,173211,42.0,90.0,1.505,1.6,2.02
2024-04-07 16:58:00+00:00,1712509091,1872,173211,42.0,90.0,1.555,1.6,2.235
2024-04-07 17:00:00+00:00,1712509211,1872,173211,41.5,90.5,1.35,1.7,1.785
2024-04-07 17:02:00+00:00,1712509331,1872,173211,41.0,90.5,1.22,1.6,2.01
2024-04-07 17:04:00+00:00,1712509451,1872,173211,41.0,91.0,0.99,1.6,1.755
2024-04-07 17:06:00+00:00,1712509571,1872,173211,40.5,91.0,1.165,1.4,1.505
2024-04-07 17:08:00+00:00,1712509691,1872,173211,40.0,91.5,1.03,1.6,1.63
2024-04-07 17:10:00+00:00,1712509810,1872,173211,40.0,91.5,1.04,1.5,1.565
2024-04-07 17:12:00+00:00,1712509931,1872,173211,40.0,91.5,1.145,1.7,1.48
2024-04-07 17:14:00+00:00,1712510050,1872,173211,40.0,91.5,1.09,1.5,1.63
2024-04-07 17:16:00+00:00,1712510171,1872,173211,40.0,91.0,1.24,1.4,1.545
2024-04-07 17:18:00+00:00,1712510291,1872,173211,40.5,88.5,1.375,1.5,1.94
2024-04-07 17:20:00+00:00,1712510411,1872,173211,43.0,87.0,1.4,1.5,1.935
2024-04-07 17:22:00+00:00,1712510531,1872,173211,44.5,86.0,1.41,1.5,1.955
2024-04-07 17:24:00+00:00,1712510651,1872,173211,45.5,85.5,1.615,1.5,2.25
2024-04-07 17:26:00+00:00,1712510771,1872,173211,46.5,85.0,1.57,1.5,2.03
2024-04-07 17:28:00+00:00,1712510891,1872,173211,47.0,84.5,1.53,1.5,2.015
