date_time_utc,time_stamp,group_id,member_id,humidity,temperature,pm1.0_atm,pm2.5_alt,pm10.0_atm
2024-04-13 00:00:00+00:00,1712966494,1872,173211,46.5,27.5,2.93,2.3,4.035
2024-04-13 00:02:00+00:00,1712966614,1872,173211,46.5,27.5,2.92,2.5,3.845
2024-04-13 00:04:00+00:00,1712966733,1872,173211,46.5,27.5,3.075,2.4,3.88
2024-04-13 00:06:00+00:00,1712966853,1872,173211,46.5,27.5,2.815,2.7,4.115
2024-04-13 00:08:00+00:00,1712966973,1872,173211,46.5,27.5,2.865,2.5,3.91
2024-04-13 00:10:00+00:00,1712967093,1872,173211,46.5,27.5,3.185,2.8,4.67
2024-04-13 00:12:00+00:00,1712967213,1872,173211,46.5,27.8,3.01,2.4,4.2
2024-04-13 00:14:00+00:00,1712967333,1872,173211,46.5,27.8,3.03,2.5,4.175
2024-04-13 00:16:00+00:00,1712967453,1872,173211,46.5,27.8,2.64,2.5,3.95
2024-04-13 00:18:00+00:00,1712967573,1872,173211,46.5,27.8,2.465,2.4,3.58
2024-04-13 00:20:00+00:00,1712967693,1872,173211,46.5,27.8,2.61,2.4,3.7
2024-04-13 00:22:00+00:00,1712967813,1872,173211,46.5,27.8,2.565,2.4,3.67
2024-04-13 00:24:00+00:00,1712967933,1872,173211,47.0,27.8,2.42,2.3,3.68
2024-04-13 00:26:00+00:00,1712968053,1872,173211,46.5,27.8,3.03,2.6,4.76
2024-04-13 00:28:00+00:00,1712968173,1872,173211,46.5,27.8,2.97,2.7,4.825
2024-04-13 00:30:00+00:00,1712968293,1872,173211,46.5,27.8,3.05,2.4,3.825
2024-04-13 00:32:00+00:00,1712968413,1872,173211,46.5,27.8,2.79,2.5,4.435
2024-04-13 00:34:00+00:00,1712968533,1872,173211,47.0,27.8,2.81,2.6,4.405
2024-04-13 00:36:00+00:00,1712968653,1872,173211,47.0,27.8,2.935,2.5,4.14
2024-04-13 00:38:00+00:00,1712968773,1872,173211,47.0,27.8,2.835,2.6,4.12
2024-04-13 00:40:00+00:00,1712968893,1872,173211,47.5,27.8,2.57,2.6,4.145
2024-04-13 00:42:00+00:00,1712969013,1872,173211,47.5,27.8,2.63,2.4,3.905
2024-04-13 00:44:00+00:00,1712969133,1872,173211,47.5,27.8,2.29,2.4,3.385
2024-04-13 00:46:00+00:00,1712969253,1872,173211,47.5,27.8,2.625,2.4,3.905
2024-04-13 00:48:00+00:00,1712969373,1872,173211,47.5,27.8,2.495,2.4,3.945
2024-04-13 00:50:00+00:00,1712969493,1872,173211,47.5,28.1,2.615,2.4,3.67
2024-04-13 00:52:00+00:00,1712969613,1872,173211,47.5,28.1,2.65,2.4,3.845
2024-04-13 00:54:00+00:00,1712969733,1872,173211,47.5,28.1,4.5,3.6,6.395
2024-04-13 00:56:00+00:00,1712969853,1872,173211,47.5,28.1,8.55,6.2,11.215
2024-04-13 00:58:00+00:00,1712969973,1872,173211,47.5,28.1,8.57,5.9,10.5
2024-04-13 01:00:00+00:00,1712970093,1872,173211,47.5,27.8,8.405,5.9,10.685
2024-04-13 01:02:00+00:00,1712970214,1872,173211,47.5,28.1,12.33,8.2,15.045
2024-04-13 01:04:00+00:00,1712970334,1872,173211,47.5,28.1,14.705,10.3,18.265
2024-04-13 01:06:00+00:00,1712970454,1872,173211,47.5,28.1,15.015,10.8,19.685
2024-04-13 01:08:00+00:00,1712970574,1872,173211,47.5,28.1,13.775,10.1,16.255
2024-04-13 01:10:00+00:00,1712970694,1872,173211,47.5,28.1,16.055,11.4,19.015
2024-04-13 01:12:00+00:00,1712970814,1872,173211,47.5,28.1,19.915,13.8,24.225
2024-04-13 01:14:00+00:00,1712970934,1872,173211,47.5,28.1,20.265,14.4,26.27
2024-04-13 01:16:00+00:00,1712971054,1872,173211,47.5,28.1,22.13,16.4,28.605
2024-04-13 01:18:00+00:00,1712971174,1872,173211,47.5,28.1,22.82,17.0,30.43
2024-04-13 01:20:00+00:00,1712971294,1872,173211,47.5,28.1,23.45,17.8,31.3
2024-04-13 01:22:00+00:00,1712971414,1872,173211,47.5,28.3,24.73,19.8,34.435
2024-04-13 01:24:00+00:00,1712971534,1872,173211,47.5,28.3,22.675,17.2,30.63
2024-04-13 01:26:00+00:00,1712971654,1872,173211,47.5,28.3,22.57,17.1,31.065
2024-04-13 01:28:00+00:00,1712971774,1872,173211,47.5,28.3,23.205,17.1,30.81
2024-04-13 01:30:00+00:00,1712971894,1872,173211,47.5,28.3,24.205,19.3,34.205
2024-04-13 01:32:00+00:00,1712972014,1872,173211,47.5,28.3,25.16,20.0,35.845
2024-04-13 01:34:00+00:00,1712972134,1872,173211,47.5,28.3,25.625,19.7,36.195
2024-04-13 01:36:00+00:00,1712972254,1872,173211,47.5,28.3,26.01,20.3,37.72
2024-04-13 01:38:00+00:00,1712972374,1872,173211,47.5,28.3,25.475,20.7,37.805
2024-04-13 01:40:00+00:00,1712972494,1872,173211,47.5,28.3,26.79,21.6,39.35
2024-04-13 01:42:00+00:00,1712972614,1872,173211,47.5,28.3,26.135,21.0,39.645
2024-04-13 01:44:00+00:00,1712972734,1872,173211,47.5,28.3,26.565,21.4,40.01
2024-04-13 01:46:00+00:00,1712972854,1872,173211,47.5,28.3,26.94,21.6,40.7
2024-04-13 01:48:00+00:00,1712972974,1872,173211,47.5,28.3,26.455,21.4,38.715
2024-04-13 01:50:00+00:00,1712973094,1872,173211,47.5,28.3,26.105,20.8,39.6
2024-04-13 01:52:00+00:00,1712973214,1872,173211,47.5,28.3,26.61,21.6,39.655
2024-04-13 01:54:00+00:00,1712973334,1872,173211,47.5,28.3,27.22,23.0,41.94
2024-04-13 01:56:00+00:00,1712973454,1872,173211,47.5,28.3,27.255,22.5,42.665
2024-04-13 01:58:00+00:00,1712973574,1872,173211,47.5,28.3,27.1,21.9,40.565
2024-04-13 02:00:00+00:00,1712973694,1872,173211,47.5,28.3,28.595,24.2,44.655
2024-04-13 02:02:00+00:00,1712973815,1872,173211,47.5,28.3,29.16,25.2,46.24
2024-04-13 02:04:00+00:00,1712973935,1872,173211,47.5,28.3,28.23,23.7,44.595
2024-04-13 02:06:00+00:00,1712974055,1872,173211,47.5,28.3,28.325,23.6,44.05
2024-04-13 02:08:00+00:00,1712974175,1872,173211,47.5,28.3,29.075,24.7,45.77
2024-04-13 02:10:00+00:00,1712974295,1872,173211,47.5,28.3,28.905,24.3,45.16
2024-04-13 02:12:00+00:00,1712974415,1872,173211,47.5,28.3,28.715,24.3,44.62
2024-04-13 02:14:00+00:00,1712974535,1872,173211,47.5,28.3,29.655,25.3,46.195
2024-04-13 02:16:00+00:00,1712974655,1872,173211,47.5,28.6,30.615,27.0,48.385
2024-04-13 02:18:00+00:00,1712974775,1872,173211,47.5,28.6,31.505,28.5,49.97
2024-04-13 02:20:00+00:00,1712974895,1872,173211,47.5,28.3,31.995,29.3,51.08
2024-04-13 02:22:00+00:00,1712975015,1872,173211,47.5,28.6,31.57,28.6,50.015
2024-04-13 02:24:00+00:00,1712975135,1872,173211,47.5,28.6,32.115,29.3,51.41
2024-04-13 02:26:00+00:00,1712975255,1872,173211,47.5,28.6,33.245,31.3,53.145
2024-04-13 02:28:00+00:00,1712975375,1872,173211,47.5,28.6,33.685,32.2,53.9
2024-04-13 02:30:00+00:00,1712975495,1872,173211,47.5,28.6,33.02,31.2,53.425
2024-04-13 02:32:00+00:00,1712975615,1872,173211,47.5,28.6,31.765,29.2,51.31
2024-04-13 02:34:00+00:00,1712975735,1872,173211,47.5,28.6,32.245,30.2,51.45
2024-04-13 02:36:00+00:00,1712975855,1872,173211,47.5,28.6,32.705,29.8,52.175
2024-04-13 02:38:00+00:00,1712975975,1872,173211,47.5,28.6,33.055,30.6,51.945
2024-04-13 02:40:00+00:00,1712976095,1872,173211,47.5,28.9,33.275,32.2,53.93
2024-04-13 02:42:00+00:00,1712976215,1872,173211,47.5,28.9,33.165,31.0,52.71
2024-04-13 02:44:00+00:00,1712976335,1872,173211,47.5,28.9,32.87,31.3,52.22
2024-04-13 02:46:00+00:00,1712976455,1872,173211,47.5,28.9,32.965,30.6,52.12
2024-04-13 02:48:00+00:00,1712976575,1872,173211,47.5,28.9,33.3,31.2,52.595
2024-04-13 02:50:00+00:00,1712976695,1872,173211,47.5,28.9,32.78,30.8,53.095
2024-04-13 02:52:00+00:00,1712976815,1872,173211,47.5,28.9,32.155,30.0,51.025
2024-04-13 02:54:00+00:00,1712976935,1872,173211,47.5,28.9,30.3,27.0,48.01
2024-04-13 02:56:00+00:00,1712977055,1872,173211,47.5,28.9,28.59,24.9,45.37
2024-04-13 02:58:00+00:00,1712977175,1872,173211,47.5,28.9,29.705,26.0,46.865
2024-04-13 03:00:00+00:00,1712977298,1872,173211,47.5,28.9,27.69,23.1,41.63
2024-04-13 03:02:00+00:00,1712977415,1872,173211,47.0,28.9,27.54,22.7,41.905
2024-04-13 03:04:00+00:00,1712977535,1872,173211,47.0,28.9,26.165,20.2,37.695
2024-04-13 03:06:00+00:00,1712977655,1872,173211,47.0,28.9,25.455,19.3,36.13
2024-04-13 03:08:00+00:00,1712977775,1872,173211,47.0,28.9,23.28,17.9,32.56
2024-04-13 03:10:00+00:00,1712977895,1872,173211,46.5,28.9,22.75,17.2,30.59
2024-04-13 03:12:00+00:00,1712978015,1872,173211,47.0,28.9,21.315,15.7,29.195
2024-04-13 03:14:00+00:00,1712978135,1872,173211,47.0,29.2,21.255,15.5,28.985
2024-04-13 03:16:00+00:00,1712978255,1872,173211,46.5,29.2,20.15,13.7,25.405
2024-04-13 03:18:00+00:00,1712978375,1872,173211,47.0,29.2,19.05,13.3,23.42
2024-04-13 03:20:00+00:00,1712978495,1872,173211,46.5,29.2,19.165,13.1,23.605
2024-04-13 03:22:00+00:00,1712978615,1872,173211,46.5,29.2,18.27,12.6,23.21
2024-04-13 03:24:00+00:00,1712978736,1872,173211,47.0,29.2,16.93,11.9,21.025
2024-04-13 03:26:00+00:00,1712978856,1872,173211,47.0,29.2,15.18,10.7,19.58
2024-04-13 03:28:00+00:00,1712978976,1872,173211,46.5,29.2,14.335,10.2,18.395
2024-04-13 03:30:00+00:00,1712979103,1872,173211,46.5,29.2,14.31,10.3,18.21
2024-04-13 03:32:00+00:00,1712979216,1872,173211,47.5,29.2,13.8,10.0,17.235
2024-04-13 03:34:00+00:00,1712979335,1872,173211,47.0,29.2,13.26,9.4,16.165
2024-04-13 03:36:00+00:00,1712979455,1872,173211,46.5,29.2,11.84,8.3,15.085
2024-04-13 03:38:00+00:00,1712979575,1872,173211,46.5,29.2,12.35,8.9,15.82
2024-04-13 03:40:00+00:00,1712979696,1872,173211,46.5,29.2,12.415,9.5,15.19
2024-04-13 03:42:00+00:00,1712979816,1872,173211,46.5,29.2,11.95,8.6,14.33
2024-04-13 03:44:00+00:00,1712979936,1872,173211,46.5,29.2,13.315,9.6,16.15
2024-04-13 03:46:00+00:00,1712980056,1872,173211,46.5,29.2,12.03,8.4,16.17
2024-04-13 03:48:00+00:00,1712980176,1872,173211,46.5,29.2,12.545,9.1,15.755
2024-04-13 03:50:00+00:00,1712980415,1872,173211,47.5,28.9,0.0,0.0,0.0
2024-04-13 03:52:00+00:00,1712980415,1872,173211,47.5,28.9,12.075,8.5,14.725
2024-04-13 03:54:00+00:00,1712980535,1872,173211,47.5,29.2,12.44,9.4,16.165
2024-04-13 03:56:00+00:00,1712980656,1872,173211,46.5,29.2,13.39,9.7,16.4
2024-04-13 03:58:00+00:00,1712980776,1872,173211,46.5,29.4,13.205,8.8,16.055
2024-04-13 04:00:00+00:00,1712980896,1872,173211,46.5,29.4,12.97,9.1,16.68
2024-04-13 04:02:00+00:00,1712981016,1872,173211,46.5,29.2,12.165,8.1,14.8
2024-04-13 04:04:00+00:00,1712981136,1872,173211,46.5,29.2,8.93,6.3,10.89
2024-04-13 04:06:00+00:00,1712981256,1872,173211,45.5,29.2,7.36,5.1,9.4
2024-04-13 04:08:00+00:00,1712981376,1872,173211,45.5,29.2,7.38,5.6,9.275
2024-04-13 04:10:00+00:00,1712981496,1872,173211,45.5,29.2,6.135,4.8,8.015
2024-04-13 04:12:00+00:00,1712981616,1872,173211,45.5,29.2,4.785,3.7,6.82
2024-04-13 04:14:00+00:00,1712981755,1872,173211,45.5,29.2,3.98,3.3,6.185
2024-04-13 04:16:00+00:00,1712981856,1872,173211,45.5,28.9,3.495,3.1,5.45
2024-04-13 04:18:00+00:00,1712981986,1872,173211,45.5,29.2,3.41,3.6,4.985
2024-04-13 04:20:00+00:00,1712982097,1872,173211,45.5,29.2,3.565,3.6,4.415
2024-04-13 04:22:00+00:00,1712982216,1872,173211,45.5,29.2,3.59,3.9,5.16
2024-04-13 04:24:00+00:00,1712982336,1872,173211,45.5,29.2,3.75,3.7,5.43
2024-04-13 04:26:00+00:00,1712982456,1872,173211,45.5,29.2,4.125,4.2,5.65
2024-04-13 04:28:00+00:00,1712982576,1872,173211,45.5,29.2,3.965,3.9,6.005
2024-04-13 04:30:00+00:00,1712982696,1872,173211,45.5,29.2,4.475,4.6,5.91
2024-04-13 04:32:00+00:00,1712982816,1872,173211,45.5,29.2,3.965,3.9,5.38
