date_time_utc,time_stamp,group_id,member_id,humidity,temperature,pm1.0_atm,pm2.5_alt,pm10.0_atm
2024-04-13 00:00:00+00:00,1712966505,1872,173212,46.5,27.8,2.87,2.8,5.115
2024-04-13 00:02:00+00:00,1712966619,1872,173212,46.5,27.8,3.0,2.6,4.075
2024-04-13 00:04:00+00:00,1712966739,1872,173212,45.5,27.8,2.85,2.6,4.26
2024-04-13 00:06:00+00:00,1712966859,1872,173212,45.5,28.1,2.76,2.4,3.715
2024-04-13 00:08:00+00:00,1712966979,1872,173212,46.5,28.1,2.84,2.5,3.85
2024-04-13 00:10:00+00:00,1712967099,1872,173212,46.5,28.1,2.925,2.5,4.475
2024-04-13 00:12:00+00:00,1712967219,1872,173212,46.5,28.1,3.025,2.6,4.31
2024-04-13 00:14:00+00:00,1712967339,1872,173212,46.5,28.1,3.01,2.7,4.845
2024-04-13 00:16:00+00:00,1712967459,1872,173212,46.5,28.1,2.675,2.7,4.21
2024-04-13 00:18:00+00:00,1712967579,1872,173212,46.5,28.1,2.92,2.5,4.51
2024-04-13 00:20:00+00:00,1712967699,1872,173212,46.5,28.1,2.825,2.7,4.025
2024-04-13 00:22:00+00:00,1712967819,1872,173212,46.5,28.1,2.96,2.7,4.43
2024-04-13 00:24:00+00:00,1712967939,1872,173212,46.5,28.1,2.76,2.5,4.41
2024-04-13 00:26:00+00:00,1712968059,1872,173212,46.5,28.1,2.865,2.7,4.92
2024-04-13 00:28:00+00:00,1712968179,1872,173212,46.5,28.1,2.975,2.7,4.26
2024-04-13 00:30:00+00:00,1712968300,1872,173212,46.5,28.1,2.74,2.8,4.365
2024-04-13 00:32:00+00:00,1712968420,1872,173212,46.5,28.1,2.47,2.6,3.845
2024-04-13 00:34:00+00:00,1712968540,1872,173212,46.5,28.1,2.655,2.4,3.58
2024-04-13 00:36:00+00:00,1712968660,1872,173212,46.5,28.1,2.965,2.5,4.24
2024-04-13 00:38:00+00:00,1712968780,1872,173212,46.5,28.1,2.84,2.6,4.08
2024-04-13 00:40:00+00:00,1712968900,1872,173212,46.5,28.1,2.61,2.6,4.255
2024-04-13 00:42:00+00:00,1712969020,1872,173212,46.5,28.1,3.055,2.8,4.59
2024-04-13 00:44:00+00:00,1712969140,1872,173212,46.5,28.1,2.76,2.7,4.265
2024-04-13 00:46:00+00:00,1712969260,1872,173212,46.5,28.1,2.075,2.4,3.795
2024-04-13 00:48:00+00:00,1712969380,1872,173212,46.5,28.1,2.74,2.6,4.505
2024-04-13 00:50:00+00:00,1712969500,1872,173212,46.5,28.1,2.79,2.4,4.575
2024-04-13 00:52:00+00:00,1712969620,1872,173212,46.5,28.1,2.595,2.4,4.49
2024-04-13 00:54:00+00:00,1712969740,1872,173212,47.0,28.1,3.705,3.3,5.035
2024-04-13 00:56:00+00:00,1712969860,1872,173212,46.5,28.1,10.245,7.1,12.61
2024-04-13 00:58:00+00:00,1712969980,1872,173212,47.0,28.1,7.98,5.9,10.125
2024-04-13 01:00:00+00:00,1712970100,1872,173212,47.0,28.1,8.37,6.2,11.055
2024-04-13 01:02:00+00:00,1712970220,1872,173212,47.0,28.1,11.95,8.5,14.645
2024-04-13 01:04:00+00:00,1712970340,1872,173212,47.0,28.1,12.185,8.8,15.06
2024-04-13 01:06:00+00:00,1712970460,1872,173212,47.0,28.1,14.845,10.7,18.91
2024-04-13 01:08:00+00:00,1712970580,1872,173212,46.5,28.1,13.97,9.6,16.745
2024-04-13 01:10:00+00:00,1712970700,1872,173212,47.0,28.1,18.26,12.6,22.245
2024-04-13 01:12:00+00:00,1712970820,1872,173212,47.0,28.1,19.63,14.5,25.09
2024-04-13 01:14:00+00:00,1712970940,1872,173212,47.5,28.1,20.505,14.5,27.03
2024-04-13 01:16:00+00:00,1712971061,1872,173212,47.5,28.3,21.855,16.2,29.045
2024-04-13 01:18:00+00:00,1712971180,1872,173212,47.5,28.3,22.58,17.5,31.35
2024-04-13 01:20:00+00:00,1712971300,1872,173212,47.5,28.1,24.265,19.1,34.515
2024-04-13 01:22:00+00:00,1712971420,1872,173212,47.5,28.3,24.455,19.5,35.71
2024-04-13 01:24:00+00:00,1712971540,1872,173212,47.5,28.3,23.33,17.6,31.895
2024-04-13 01:26:00+00:00,1712971660,1872,173212,47.5,28.3,23.665,17.9,32.91
2024-04-13 01:28:00+00:00,1712971780,1872,173212,47.5,28.3,23.635,18.4,33.065
2024-04-13 01:30:00+00:00,1712971900,1872,173212,47.5,28.6,24.925,19.9,36.695
2024-04-13 01:32:00+00:00,1712972020,1872,173212,47.5,28.6,25.825,20.7,38.835
2024-04-13 01:34:00+00:00,1712972140,1872,173212,47.5,28.6,25.68,20.5,37.18
2024-04-13 01:36:00+00:00,1712972260,1872,173212,47.5,28.6,25.76,20.3,37.585
2024-04-13 01:38:00+00:00,1712972380,1872,173212,47.5,28.6,25.37,20.1,37.45
2024-04-13 01:40:00+00:00,1712972500,1872,173212,47.5,28.6,27.05,21.9,40.95
2024-04-13 01:42:00+00:00,1712972620,1872,173212,47.5,28.6,26.745,21.1,39.55
2024-04-13 01:44:00+00:00,1712972741,1872,173212,47.5,28.6,27.06,21.9,40.8
2024-04-13 01:46:00+00:00,1712972860,1872,173212,47.0,28.6,26.63,21.1,39.93
2024-04-13 01:48:00+00:00,1712972980,1872,173212,47.0,28.6,26.18,21.1,39.73
2024-04-13 01:50:00+00:00,1712973101,1872,173212,47.0,28.6,26.31,21.2,38.35
2024-04-13 01:52:00+00:00,1712973221,1872,173212,47.5,28.6,26.995,22.4,41.485
2024-04-13 01:54:00+00:00,1712973340,1872,173212,47.0,28.6,27.4,22.4,43.34
2024-04-13 01:56:00+00:00,1712973460,1872,173212,47.0,28.6,27.23,22.3,41.76
2024-04-13 01:58:00+00:00,1712973580,1872,173212,47.0,28.6,27.825,22.9,42.025
2024-04-13 02:00:00+00:00,1712973700,1872,173212,47.0,28.6,29.28,25.4,46.535
2024-04-13 02:02:00+00:00,1712973820,1872,173212,47.5,28.6,29.06,24.8,45.685
2024-04-13 02:04:00+00:00,1712973940,1872,173212,47.0,28.6,29.115,25.0,46.1
2024-04-13 02:06:00+00:00,1712974060,1872,173212,47.0,28.6,29.5,25.0,46.14
2024-04-13 02:08:00+00:00,1712974180,1872,173212,47.0,28.6,29.88,25.8,46.805
2024-04-13 02:10:00+00:00,1712974300,1872,173212,47.0,28.6,29.895,26.5,47.16
2024-04-13 02:12:00+00:00,1712974420,1872,173212,47.0,28.6,30.985,27.7,49.31
2024-04-13 02:14:00+00:00,1712974540,1872,173212,47.0,28.6,30.86,27.8,49.2
2024-04-13 02:16:00+00:00,1712974661,1872,173212,47.0,28.6,31.695,28.5,49.74
2024-04-13 02:18:00+00:00,1712974780,1872,173212,47.0,28.6,31.44,28.1,50.035
2024-04-13 02:20:00+00:00,1712974900,1872,173212,47.0,28.6,32.175,29.2,51.2
2024-04-13 02:22:00+00:00,1712975020,1872,173212,46.5,28.6,32.935,30.7,53.03
2024-04-13 02:24:00+00:00,1712975140,1872,173212,47.0,28.6,33.075,31.3,53.38
2024-04-13 02:26:00+00:00,1712975260,1872,173212,46.5,28.6,33.56,32.5,54.215
2024-04-13 02:28:00+00:00,1712975380,1872,173212,47.0,28.6,33.725,32.8,55.105
2024-04-13 02:30:00+00:00,1712975501,1872,173212,47.0,28.6,33.46,31.9,54.17
2024-04-13 02:32:00+00:00,1712975622,1872,173212,47.5,28.9,33.47,31.9,53.46
2024-04-13 02:34:00+00:00,1712975741,1872,173212,47.0,28.9,32.19,30.1,51.305
2024-04-13 02:36:00+00:00,1712975861,1872,173212,47.0,28.9,32.625,31.2,52.2
2024-04-13 02:38:00+00:00,1712975981,1872,173212,47.0,28.9,33.385,31.8,53.43
2024-04-13 02:40:00+00:00,1712976101,1872,173212,47.0,28.9,33.25,31.8,53.48
2024-04-13 02:42:00+00:00,1712976221,1872,173212,47.0,28.9,33.23,31.7,53.46
2024-04-13 02:44:00+00:00,1712976341,1872,173212,47.0,29.2,33.395,31.3,52.875
2024-04-13 02:46:00+00:00,1712976461,1872,173212,47.0,29.2,33.065,31.4,53.235
2024-04-13 02:48:00+00:00,1712976581,1872,173212,47.0,29.2,33.075,31.7,53.255
2024-04-13 02:50:00+00:00,1712976701,1872,173212,47.0,29.2,32.855,31.5,53.22
2024-04-13 02:52:00+00:00,1712976821,1872,173212,47.0,29.2,32.535,30.8,52.31
2024-04-13 02:54:00+00:00,1712976941,1872,173212,47.0,29.2,30.6,27.7,48.145
2024-04-13 02:56:00+00:00,1712977062,1872,173212,46.5,29.2,28.905,24.8,45.58
2024-04-13 02:58:00+00:00,1712977181,1872,173212,46.5,28.9,30.185,26.9,47.72
2024-04-13 03:00:00+00:00,1712977302,1872,173212,46.5,29.2,27.095,21.8,40.64
2024-04-13 03:02:00+00:00,1712977421,1872,173212,46.5,29.2,25.545,20.3,37.275
2024-04-13 03:04:00+00:00,1712977541,1872,173212,46.5,29.2,26.115,21.5,38.82
2024-04-13 03:06:00+00:00,1712977661,1872,173212,46.5,29.2,25.28,20.0,36.605
2024-04-13 03:08:00+00:00,1712977781,1872,173212,46.5,29.2,23.53,18.0,32.825
2024-04-13 03:10:00+00:00,1712977901,1872,173212,46.5,29.2,22.695,18.0,32.75
2024-04-13 03:12:00+00:00,1712978021,1872,173212,46.5,29.2,22.295,16.2,29.645
2024-04-13 03:14:00+00:00,1712978141,1872,173212,46.5,29.2,20.94,15.6,27.25
2024-04-13 03:16:00+00:00,1712978262,1872,173212,46.5,29.2,19.875,13.9,25.76
2024-04-13 03:18:00+00:00,1712978381,1872,173212,46.5,29.2,19.73,13.8,25.405
2024-04-13 03:20:00+00:00,1712978502,1872,173212,46.5,29.2,18.875,13.0,23.185
2024-04-13 03:22:00+00:00,1712978621,1872,173212,46.5,29.2,18.55,13.1,24.35
2024-04-13 03:24:00+00:00,1712978741,1872,173212,46.5,29.2,16.58,11.8,20.8
2024-04-13 03:26:00+00:00,1712978861,1872,173212,46.5,29.2,16.325,11.0,21.05
2024-04-13 03:28:00+00:00,1712978982,1872,173212,46.5,29.2,14.76,10.2,18.115
2024-04-13 03:30:00+00:00,1712979138,1872,173212,47.0,28.3,0.0,0.0,0.0
2024-04-13 03:32:00+00:00,1712979138,1872,173212,47.0,28.3,13.99,9.4,17.555
2024-04-13 03:34:00+00:00,1712979341,1872,173212,46.5,29.2,12.1,8.7,16.265
2024-04-13 03:36:00+00:00,1712979461,1872,173212,46.5,29.2,10.79,7.3,14.18
2024-04-13 03:38:00+00:00,1712979582,1872,173212,46.5,29.2,11.405,8.0,14.625
2024-04-13 03:40:00+00:00,1712979701,1872,173212,46.5,29.2,11.88,8.1,14.515
2024-04-13 03:42:00+00:00,1712979823,1872,173212,46.5,29.4,11.31,8.0,15.82
2024-04-13 03:44:00+00:00,1712979941,1872,173212,46.5,29.4,11.995,8.2,15.395
2024-04-13 03:46:00+00:00,1712980062,1872,173212,46.5,29.4,11.99,8.4,15.385
2024-04-13 03:48:00+00:00,1712980182,1872,173212,46.5,29.4,12.8,8.9,16.53
2024-04-13 03:50:00+00:00,1712980342,1872,173212,46.5,29.4,0.0,0.0,0.0
2024-04-13 03:52:00+00:00,1712980342,1872,173212,46.5,29.4,12.51,8.2,15.16
2024-04-13 03:54:00+00:00,1712980542,1872,173212,46.5,29.4,12.46,8.5,15.495
2024-04-13 03:56:00+00:00,1712980662,1872,173212,46.5,29.4,12.96,8.9,15.875
2024-04-13 03:58:00+00:00,1712980782,1872,173212,46.5,29.4,13.03,9.0,16.99
2024-04-13 04:00:00+00:00,1712980905,1872,173212,46.5,29.4,13.64,9.2,17.05
2024-04-13 04:02:00+00:00,1712981022,1872,173212,46.5,29.4,11.79,8.1,14.325
2024-04-13 04:04:00+00:00,1712981142,1872,173212,45.5,29.4,8.92,6.4,12.025
2024-04-13 04:06:00+00:00,1712981262,1872,173212,45.5,29.4,7.06,4.9,9.24
2024-04-13 04:08:00+00:00,1712981382,1872,173212,45.5,29.4,6.575,4.7,8.505
2024-04-13 04:10:00+00:00,1712981502,1872,173212,45.0,29.4,4.69,3.7,6.685
2024-04-13 04:12:00+00:00,1712981622,1872,173212,44.5,29.4,3.975,3.1,5.42
2024-04-13 04:14:00+00:00,1712981744,1872,173212,44.5,29.4,3.855,3.0,5.345
2024-04-13 04:16:00+00:00,1712981862,1872,173212,44.5,29.4,3.08,2.4,4.645
2024-04-13 04:18:00+00:00,1712981982,1872,173212,44.5,29.4,3.34,3.0,5.185
2024-04-13 04:20:00+00:00,1712982102,1872,173212,44.5,29.4,2.91,2.5,4.445
2024-04-13 04:22:00+00:00,1712982222,1872,173212,44.5,29.4,2.905,2.5,4.28
2024-04-13 04:24:00+00:00,1712982342,1872,173212,44.5,29.4,3.065,2.5,4.49
2024-04-13 04:26:00+00:00,1712982462,1872,173212,44.5,29.4,3.525,2.7,4.8
2024-04-13 04:28:00+00:00,1712982582,1872,173212,44.5,29.4,3.63,2.9,5.515
2024-04-13 04:30:00+00:00,1712982702,1872,173212,44.5,29.4,3.48,2.8,5.045
2024-04-13 04:32:00+00:00,1712982822,1872,173212,44.5,29.4,3.34,2.9,5.475
