date_time_utc,time_stamp,group_id,member_id,humidity,temperature,pm1.0_atm,pm2.5_alt,pm10.0_atm
2024-04-13 00:00:00+00:00,1712966476,1872,173210,44.5,27.8,2.57,2.4,4.03
2024-04-13 00:02:00+00:00,1712966601,1872,173210,45.0,27.8,2.545,2.3,3.805
2024-04-13 00:04:00+00:00,1712966715,1872,173210,45.0,28.1,2.59,2.3,3.54
2024-04-13 00:06:00+00:00,1712966835,1872,173210,44.5,28.1,3.08,2.4,4.12
2024-04-13 00:08:00+00:00,1712966955,1872,173210,44.5,28.1,2.435,2.2,3.91
2024-04-13 00:10:00+00:00,1712967075,1872,173210,44.5,28.1,2.655,2.6,3.83
2024-04-13 00:12:00+00:00,1712967195,1872,173210,44.5,28.1,2.665,2.4,4.14
2024-04-13 00:14:00+00:00,1712967315,1872,173210,44.5,28.1,2.63,2.3,3.89
2024-04-13 00:16:00+00:00,1712967435,1872,173210,45.0,28.1,2.555,2.4,4.015
2024-04-13 00:18:00+00:00,1712967555,1872,173210,45.0,28.1,2.935,2.4,4.31
2024-04-13 00:20:00+00:00,1712967675,1872,173210,45.0,28.1,2.46,2.2,3.81
2024-04-13 00:22:00+00:00,1712967795,1872,173210,44.5,28.1,2.62,2.1,3.86
2024-04-13 00:24:00+00:00,1712967915,1872,173210,45.0,28.1,2.655,2.2,4.22
2024-04-13 00:26:00+00:00,1712968035,1872,173210,45.0,28.1,2.715,2.2,3.905
2024-04-13 00:28:00+00:00,1712968155,1872,173210,45.0,28.1,2.39,2.3,4.065
2024-04-13 00:30:00+00:00,1712968275,1872,173210,45.0,28.1,2.66,2.3,4.14
2024-04-13 00:32:00+00:00,1712968395,1872,173210,45.0,28.1,2.735,2.3,4.15
2024-04-13 00:34:00+00:00,1712968515,1872,173210,45.0,28.1,2.225,2.3,3.485
2024-04-13 00:36:00+00:00,1712968635,1872,173210,45.0,28.1,2.725,2.3,4.12
2024-04-13 00:38:00+00:00,1712968755,1872,173210,45.0,28.1,2.94,2.2,4.225
2024-04-13 00:40:00+00:00,1712968875,1872,173210,45.0,28.1,2.225,2.2,3.59
2024-04-13 00:42:00+00:00,1712968995,1872,173210,45.0,28.1,2.49,2.3,3.76
2024-04-13 00:44:00+00:00,1712969115,1872,173210,45.0,28.1,2.41,2.1,3.81
2024-04-13 00:46:00+00:00,1712969235,1872,173210,45.5,28.1,2.505,2.6,4.22
2024-04-13 00:48:00+00:00,1712969355,1872,173210,45.5,28.1,2.435,2.3,3.64
2024-04-13 00:50:00+00:00,1712969475,1872,173210,45.0,28.1,2.425,2.3,3.77
2024-04-13 00:52:00+00:00,1712969595,1872,173210,45.0,28.1,2.03,2.2,3.295
2024-04-13 00:54:00+00:00,1712969716,1872,173210,45.5,28.1,2.945,2.7,4.135
2024-04-13 00:56:00+00:00,1712969836,1872,173210,45.5,28.1,8.99,6.2,11.365
2024-04-13 00:58:00+00:00,1712969956,1872,173210,45.0,28.3,7.365,5.1,9.85
2024-04-13 01:00:00+00:00,1712970076,1872,173210,45.0,28.1,7.565,5.1,9.775
2024-04-13 01:02:00+00:00,1712970196,1872,173210,45.0,28.1,11.665,7.7,14.34
2024-04-13 01:04:00+00:00,1712970316,1872,173210,45.0,28.6,12.225,8.2,14.77
2024-04-13 01:06:00+00:00,1712970436,1872,173210,45.0,28.1,11.935,8.0,14.785
2024-04-13 01:08:00+00:00,1712970556,1872,173210,45.0,28.6,12.38,8.0,15.33
2024-04-13 01:10:00+00:00,1712970676,1872,173210,45.0,28.3,15.61,10.0,19.59
2024-04-13 01:12:00+00:00,1712970797,1872,173210,45.5,28.6,18.535,12.0,21.935
2024-04-13 01:14:00+00:00,1712970916,1872,173210,45.5,28.6,19.465,12.8,23.95
2024-04-13 01:16:00+00:00,1712971036,1872,173210,45.5,28.6,20.635,13.3,25.27
2024-04-13 01:18:00+00:00,1712971156,1872,173210,45.5,28.6,21.63,14.4,27.31
2024-04-13 01:20:00+00:00,1712971276,1872,173210,45.5,28.6,21.92,16.1,29.335
2024-04-13 01:22:00+00:00,1712971396,1872,173210,45.5,28.3,23.555,16.7,31.345
2024-04-13 01:24:00+00:00,1712971516,1872,173210,45.5,28.6,21.985,14.9,27.565
2024-04-13 01:26:00+00:00,1712971636,1872,173210,46.0,28.6,22.215,15.6,29.275
2024-04-13 01:28:00+00:00,1712971756,1872,173210,46.0,28.6,21.765,15.2,28.245
2024-04-13 01:30:00+00:00,1712971876,1872,173210,46.0,28.6,22.79,15.9,30.33
2024-04-13 01:32:00+00:00,1712971996,1872,173210,46.0,28.6,24.13,17.7,34.135
2024-04-13 01:34:00+00:00,1712972116,1872,173210,46.0,28.6,24.53,17.8,33.76
2024-04-13 01:36:00+00:00,1712972236,1872,173210,46.0,28.6,25.4,18.3,35.745
2024-04-13 01:38:00+00:00,1712972356,1872,173210,46.0,28.6,23.72,17.7,34.165
2024-04-13 01:40:00+00:00,1712972476,1872,173210,46.0,28.6,26.15,19.5,37.27
2024-04-13 01:42:00+00:00,1712972596,1872,173210,46.0,28.6,25.35,18.4,34.95
2024-04-13 01:44:00+00:00,1712972718,1872,173210,46.0,28.6,25.805,18.9,36.835
2024-04-13 01:46:00+00:00,1712972836,1872,173210,46.0,28.6,25.375,18.7,35.395
2024-04-13 01:48:00+00:00,1712972956,1872,173210,45.5,28.6,25.89,18.9,36.275
2024-04-13 01:50:00+00:00,1712973076,1872,173210,46.0,28.6,25.0,18.4,34.56
2024-04-13 01:52:00+00:00,1712973196,1872,173210,45.5,28.6,25.62,19.7,37.625
2024-04-13 01:54:00+00:00,1712973316,1872,173210,45.5,28.6,25.73,19.4,36.465
2024-04-13 01:56:00+00:00,1712973436,1872,173210,45.5,28.6,25.74,19.1,36.765
2024-04-13 01:58:00+00:00,1712973556,1872,173210,45.5,28.6,26.69,20.0,39.17
2024-04-13 02:00:00+00:00,1712973676,1872,173210,46.0,28.6,27.6,21.5,42.56
2024-04-13 02:02:00+00:00,1712973796,1872,173210,45.5,28.6,28.045,21.7,42.25
2024-04-13 02:04:00+00:00,1712973916,1872,173210,45.5,28.6,27.355,20.9,41.46
2024-04-13 02:06:00+00:00,1712974036,1872,173210,45.5,28.6,27.385,21.5,42.17
2024-04-13 02:08:00+00:00,1712974156,1872,173210,45.0,28.6,28.305,22.8,43.14
2024-04-13 02:10:00+00:00,1712974276,1872,173210,45.0,28.6,27.46,21.5,41.53
2024-04-13 02:12:00+00:00,1712974396,1872,173210,45.0,28.6,27.925,21.2,40.86
2024-04-13 02:14:00+00:00,1712974517,1872,173210,45.0,28.6,28.635,23.1,44.115
2024-04-13 02:16:00+00:00,1712974636,1872,173210,45.0,28.6,29.515,24.3,45.33
2024-04-13 02:18:00+00:00,1712974756,1872,173210,45.0,28.6,30.06,24.5,46.01
2024-04-13 02:20:00+00:00,1712974876,1872,173210,45.0,28.6,30.33,24.9,46.79
2024-04-13 02:22:00+00:00,1712974996,1872,173210,45.0,28.6,30.635,26.0,48.015
2024-04-13 02:24:00+00:00,1712975116,1872,173210,45.5,28.6,31.0,26.6,47.725
2024-04-13 02:26:00+00:00,1712975237,1872,173210,45.0,28.9,31.895,28.1,50.165
2024-04-13 02:28:00+00:00,1712975356,1872,173210,45.5,28.6,32.44,28.6,51.54
2024-04-13 02:30:00+00:00,1712975476,1872,173210,45.0,29.2,31.35,27.0,49.135
2024-04-13 02:32:00+00:00,1712975597,1872,173210,45.0,29.2,31.085,26.1,48.795
2024-04-13 02:34:00+00:00,1712975716,1872,173210,45.0,29.2,30.635,26.5,48.37
2024-04-13 02:36:00+00:00,1712975837,1872,173210,45.0,29.2,31.205,26.7,49.215
2024-04-13 02:38:00+00:00,1712975956,1872,173210,45.0,29.2,31.575,26.9,48.8
2024-04-13 02:40:00+00:00,1712976077,1872,173210,45.0,29.2,31.46,26.9,49.395
2024-04-13 02:42:00+00:00,1712976196,1872,173210,45.0,29.2,31.63,26.9,48.57
2024-04-13 02:44:00+00:00,1712976316,1872,173210,45.0,29.2,31.115,27.1,49.35
2024-04-13 02:46:00+00:00,1712976436,1872,173210,45.0,29.2,31.18,26.3,48.7
2024-04-13 02:48:00+00:00,1712976556,1872,173210,45.0,29.2,31.61,26.6,49.335
2024-04-13 02:50:00+00:00,1712976676,1872,173210,45.0,29.2,31.5,27.1,49.195
2024-04-13 02:52:00+00:00,1712976797,1872,173210,45.5,29.2,31.18,27.4,49.155
2024-04-13 02:54:00+00:00,1712976917,1872,173210,45.0,29.2,30.15,25.2,47.0
2024-04-13 02:56:00+00:00,1712977037,1872,173210,45.0,29.2,27.15,20.8,40.865
2024-04-13 02:58:00+00:00,1712977157,1872,173210,45.0,29.2,29.325,24.1,45.43
2024-04-13 03:00:00+00:00,1712977277,1872,173210,45.0,29.2,25.565,19.3,37.545
2024-04-13 03:02:00+00:00,1712977397,1872,173210,45.0,29.2,25.86,18.8,36.27
2024-04-13 03:04:00+00:00,1712977517,1872,173210,45.0,29.2,25.655,18.1,35.68
2024-04-13 03:06:00+00:00,1712977637,1872,173210,45.0,29.2,23.97,17.4,33.605
2024-04-13 03:08:00+00:00,1712977757,1872,173210,45.0,29.2,22.49,16.0,29.115
2024-04-13 03:10:00+00:00,1712977877,1872,173210,45.0,29.2,21.69,14.8,28.325
2024-04-13 03:12:00+00:00,1712977997,1872,173210,45.0,29.2,20.755,14.1,25.935
2024-04-13 03:14:00+00:00,1712978118,1872,173210,45.0,29.2,20.085,13.7,25.2
2024-04-13 03:16:00+00:00,1712978237,1872,173210,45.0,29.2,18.91,12.2,23.47
2024-04-13 03:18:00+00:00,1712978357,1872,173210,45.0,29.2,17.69,11.9,22.105
2024-04-13 03:20:00+00:00,1712978477,1872,173210,45.0,29.2,17.945,11.8,21.93
2024-04-13 03:22:00+00:00,1712978597,1872,173210,45.0,29.2,16.375,11.0,21.2
2024-04-13 03:24:00+00:00,1712978718,1872,173210,45.0,29.2,15.315,10.1,19.87
2024-04-13 03:26:00+00:00,1712978838,1872,173210,45.5,29.2,14.35,9.4,17.39
2024-04-13 03:28:00+00:00,1712978957,1872,173210,45.0,29.2,13.65,8.9,16.78
2024-04-13 03:30:00+00:00,1712979087,1872,173210,45.0,29.2,13.01,8.2,15.87
2024-04-13 03:32:00+00:00,1712979197,1872,173210,45.5,29.2,12.32,7.9,15.375
2024-04-13 03:34:00+00:00,1712979317,1872,173210,45.0,29.2,11.575,7.3,14.205
2024-04-13 03:36:00+00:00,1712979437,1872,173210,45.0,29.2,9.09,6.4,13.06
2024-04-13 03:38:00+00:00,1712979557,1872,173210,45.0,29.7,9.865,6.7,12.615
2024-04-13 03:40:00+00:00,1712979677,1872,173210,45.0,29.2,10.87,7.2,13.75
2024-04-13 03:42:00+00:00,1712979798,1872,173210,45.0,29.2,10.43,7.1,13.785
2024-04-13 03:44:00+00:00,1712979917,1872,173210,45.0,29.2,11.055,7.5,13.74
2024-04-13 03:46:00+00:00,1712980038,1872,173210,45.0,29.7,11.33,7.4,14.605
2024-04-13 03:48:00+00:00,1712980157,1872,173210,45.0,29.7,11.59,7.5,14.47
2024-04-13 03:50:00+00:00,1712980296,1872,173210,45.0,29.7,11.21,7.5,13.99
2024-04-13 03:52:00+00:00,1712980397,1872,173210,45.5,29.2,10.705,7.1,13.075
2024-04-13 03:54:00+00:00,1712980518,1872,173210,45.0,29.4,11.595,7.5,13.965
2024-04-13 03:56:00+00:00,1712980638,1872,173210,45.0,29.4,11.735,7.5,14.16
2024-04-13 03:58:00+00:00,1712980758,1872,173210,45.0,29.7,11.875,7.6,14.17
2024-04-13 04:00:00+00:00,1712980897,1872,173210,45.0,29.7,12.03,7.5,15.17
2024-04-13 04:02:00+00:00,1712980998,1872,173210,45.5,29.2,11.23,7.3,13.33
2024-04-13 04:04:00+00:00,1712981118,1872,173210,44.5,29.7,8.65,5.9,11.355
2024-04-13 04:06:00+00:00,1712981238,1872,173210,44.0,29.4,6.015,4.4,8.23
2024-04-13 04:08:00+00:00,1712981358,1872,173210,44.0,29.7,5.98,4.5,9.0
2024-04-13 04:10:00+00:00,1712981478,1872,173210,43.5,29.4,5.69,3.8,7.585
2024-04-13 04:12:00+00:00,1712981598,1872,173210,43.5,29.2,4.16,3.3,6.065
2024-04-13 04:14:00+00:00,1712981736,1872,173210,43.5,29.4,3.34,2.9,4.985
2024-04-13 04:16:00+00:00,1712981838,1872,173210,44.0,29.2,2.775,2.3,4.4
2024-04-13 04:18:00+00:00,1712981984,1872,173210,43.5,29.7,2.995,2.5,4.27
2024-04-13 04:20:00+00:00,1712982078,1872,173210,44.0,29.2,2.465,2.4,4.495
2024-04-13 04:22:00+00:00,1712982198,1872,173210,43.5,29.2,2.61,2.3,4.19
2024-04-13 04:24:00+00:00,1712982318,1872,173210,43.5,29.7,2.57,2.2,4.76
2024-04-13 04:26:00+00:00,1712982438,1872,173210,43.0,29.7,2.745,2.3,4.43
2024-04-13 04:28:00+00:00,1712982558,1872,173210,43.0,29.7,3.11,2.8,4.83
2024-04-13 04:30:00+00:00,1712982678,1872,173210,43.0,29.4,3.205,2.6,4.905
2024-04-13 04:32:00+00:00,1712982798,1872,173210,43.0,29.7,3.345,2.6,4.94
