date_time_utc,time_stamp,group_id,member_id,humidity,temperature,pm1.0_atm,pm2.5_alt,pm10.0_atm
2024-04-13 00:00:00+00:00,1712966422,1872,173213,45.0,27.2,2.905,2.4,3.94
2024-04-13 00:02:00+00:00,1712966537,1872,173213,45.0,27.5,2.845,2.7,4.135
2024-04-13 00:04:00+00:00,1712966657,1872,173213,45.0,27.5,3.075,2.4,5.14
2024-04-13 00:06:00+00:00,1712966777,1872,173213,45.0,27.5,2.645,2.5,4.345
2024-04-13 00:08:00+00:00,1712966897,1872,173213,45.0,27.5,3.115,2.7,4.46
2024-04-13 00:10:00+00:00,1712967017,1872,173213,45.0,27.5,3.17,2.5,4.48
2024-04-13 00:12:00+00:00,1712967137,1872,173213,45.5,27.5,2.94,2.4,4.365
2024-04-13 00:14:00+00:00,1712967257,1872,173213,45.0,27.5,2.495,2.5,3.96
2024-04-13 00:16:00+00:00,1712967377,1872,173213,45.5,27.5,2.82,2.4,3.72
2024-04-13 00:18:00+00:00,1712967497,1872,173213,45.5,27.5,2.55,2.3,3.4
2024-04-13 00:20:00+00:00,1712967617,1872,173213,45.5,27.5,2.595,2.4,3.785
2024-04-13 00:22:00+00:00,1712967737,1872,173213,45.5,27.5,2.565,2.2,3.85
2024-04-13 00:24:00+00:00,1712967857,1872,173213,45.5,27.5,2.635,2.2,3.745
2024-04-13 00:26:00+00:00,1712967977,1872,173213,45.5,27.5,2.54,2.4,3.95
2024-04-13 00:28:00+00:00,1712968098,1872,173213,45.5,27.5,2.46,2.1,3.555
2024-04-13 00:30:00+00:00,1712968218,1872,173213,45.5,27.5,2.545,2.4,3.545
2024-04-13 00:32:00+00:00,1712968338,1872,173213,45.5,27.8,2.565,2.3,3.805
2024-04-13 00:34:00+00:00,1712968458,1872,173213,45.5,27.8,2.44,2.2,3.86
2024-04-13 00:36:00+00:00,1712968578,1872,173213,45.5,28.1,2.59,2.2,3.86
2024-04-13 00:38:00+00:00,1712968698,1872,173213,45.5,28.1,2.385,2.1,3.77
2024-04-13 00:40:00+00:00,1712968818,1872,173213,45.5,28.1,2.73,2.2,3.71
2024-04-13 00:42:00+00:00,1712968938,1872,173213,45.5,28.1,2.845,2.4,4.32
2024-04-13 00:44:00+00:00,1712969059,1872,173213,45.5,28.1,2.015,2.1,3.095
2024-04-13 00:46:00+00:00,1712969178,1872,173213,45.5,28.1,2.475,2.2,3.685
2024-04-13 00:48:00+00:00,1712969298,1872,173213,46.0,28.3,28.135,27.2,38.055
2024-04-13 00:50:00+00:00,1712969418,1872,173213,45.5,28.6,169.13,174.2,218.15
2024-04-13 00:52:00+00:00,1712969538,1872,173213,45.0,28.6,232.335,247.6,302.195
2024-04-13 00:54:00+00:00,1712969658,1872,173213,45.0,28.9,223.64,238.4,289.11
2024-04-13 00:56:00+00:00,1712969778,1872,173213,44.5,29.2,213.45,226.5,275.535
2024-04-13 00:58:00+00:00,1712969898,1872,173213,45.0,29.2,246.26,262.9,327.2
2024-04-13 01:00:00+00:00,1712970018,1872,173213,44.5,29.2,215.645,224.9,275.56
2024-04-13 01:02:00+00:00,1712970138,1872,173213,45.0,29.2,247.3,260.4,320.945
2024-04-13 01:04:00+00:00,1712970258,1872,173213,45.0,29.2,246.325,259.7,317.895
2024-04-13 01:06:00+00:00,1712970378,1872,173213,44.5,29.2,262.485,279.3,341.705
2024-04-13 01:08:00+00:00,1712970498,1872,173213,45.0,29.2,248.91,255.1,325.325
2024-04-13 01:10:00+00:00,1712970618,1872,173213,44.5,29.4,257.045,269.6,330.18
2024-04-13 01:12:00+00:00,1712970738,1872,173213,44.5,29.4,227.645,234.2,287.43
2024-04-13 01:14:00+00:00,1712970858,1872,173213,44.5,29.7,277.47,286.2,365.04
2024-04-13 01:16:00+00:00,1712970978,1872,173213,44.5,29.7,260.335,270.4,331.26
2024-04-13 01:18:00+00:00,1712971098,1872,173213,45.0,29.7,288.56,293.1,376.565
2024-04-13 01:20:00+00:00,1712971218,1872,173213,45.0,29.7,263.66,271.2,337.535
2024-04-13 01:22:00+00:00,1712971340,1872,173213,46.5,28.9,194.015,257.0,349.155
2024-04-13 01:24:00+00:00,1712971458,1872,173213,46.5,29.2,174.21,230.8,329.375
2024-04-13 01:26:00+00:00,1712971582,1872,173213,46.5,28.9,137.825,173.7,251.945
2024-04-13 01:28:00+00:00,1712971704,1872,173213,45.5,28.9,95.345,117.5,171.3
2024-04-13 01:30:00+00:00,1712971818,1872,173213,45.5,29.2,113.57,131.6,194.675
2024-04-13 01:32:00+00:00,1712971984,1872,173213,46.5,28.6,114.845,128.9,193.98
2024-04-13 01:34:00+00:00,1712972058,1872,173213,48.5,28.6,190.6,261.8,371.675
2024-04-13 01:36:00+00:00,1712972178,1872,173213,47.0,28.9,145.76,184.2,262.585
2024-04-13 01:38:00+00:00,1712972349,1872,173213,48.0,28.6,165.35,213.0,301.655
2024-04-13 01:40:00+00:00,1712972475,1872,173213,50.5,27.8,187.69,243.9,346.995
2024-04-13 01:42:00+00:00,1712972538,1872,173213,51.0,28.1,200.445,273.6,392.19
2024-04-13 01:44:00+00:00,1712972701,1872,173213,49.5,28.3,187.14,247.9,351.96
2024-04-13 01:46:00+00:00,1712972778,1872,173213,50.0,28.3,213.19,290.3,412.365
2024-04-13 01:48:00+00:00,1712972898,1872,173213,49.0,28.9,208.81,298.8,420.19
2024-04-13 01:50:00+00:00,1712973018,1872,173213,48.5,28.9,173.22,220.3,319.745
2024-04-13 01:52:00+00:00,1712973138,1872,173213,48.5,28.9,166.615,210.5,300.86
2024-04-13 01:54:00+00:00,1712973306,1872,173213,49.0,28.3,167.39,214.1,311.02
2024-04-13 01:56:00+00:00,1712973378,1872,173213,51.0,28.3,194.935,266.7,378.505
2024-04-13 01:58:00+00:00,1712973550,1872,173213,50.0,28.1,213.535,296.3,422.445
2024-04-13 02:00:00+00:00,1712973618,1872,173213,50.5,28.6,200.505,241.9,347.2
2024-04-13 02:02:00+00:00,1712973739,1872,173213,48.5,29.2,148.605,219.0,272.6
2024-04-13 02:04:00+00:00,1712973858,1872,173213,48.0,29.2,161.73,241.5,302.28
2024-04-13 02:06:00+00:00,1712973978,1872,173213,47.0,29.2,86.41,108.5,142.0
2024-04-13 02:08:00+00:00,1712974098,1872,173213,47.0,29.2,95.015,110.8,147.345
2024-04-13 02:10:00+00:00,1712974218,1872,173213,47.0,29.2,70.28,93.1,121.215
2024-04-13 02:12:00+00:00,1712974338,1872,173213,46.5,29.2,75.495,89.4,126.365
2024-04-13 02:14:00+00:00,1712974458,1872,173213,47.0,29.2,85.455,95.3,132.81
2024-04-13 02:16:00+00:00,1712974578,1872,173213,46.5,29.2,64.71,79.8,108.865
2024-04-13 02:18:00+00:00,1712974699,1872,173213,47.0,29.2,83.815,104.3,138.695
2024-04-13 02:20:00+00:00,1712974818,1872,173213,47.0,29.2,84.405,96.7,129.2
2024-04-13 02:22:00+00:00,1712974938,1872,173213,47.5,29.2,117.96,160.1,201.975
2024-04-13 02:24:00+00:00,1712975058,1872,173213,48.0,29.2,154.395,229.1,282.76
2024-04-13 02:26:00+00:00,1712975178,1872,173213,47.0,29.2,93.22,108.1,146.6
2024-04-13 02:28:00+00:00,1712975299,1872,173213,47.0,29.2,106.265,138.1,178.745
2024-04-13 02:30:00+00:00,1712975420,1872,173213,47.5,29.2,126.645,170.4,215.35
2024-04-13 02:32:00+00:00,1712975539,1872,173213,49.0,28.9,144.47,168.6,239.39
2024-04-13 02:34:00+00:00,1712975658,1872,173213,49.0,28.9,154.005,187.2,277.43
2024-04-13 02:36:00+00:00,1712975779,1872,173213,48.5,28.9,122.06,144.3,211.335
2024-04-13 02:38:00+00:00,1712975935,1872,173213,49.5,28.3,154.735,181.0,266.2
2024-04-13 02:40:00+00:00,1712976020,1872,173213,50.0,28.6,151.795,171.3,255.615
2024-04-13 02:42:00+00:00,1712976139,1872,173213,49.0,28.9,126.365,139.2,205.3
2024-04-13 02:44:00+00:00,1712976259,1872,173213,49.0,29.2,122.62,135.6,205.16
2024-04-13 02:46:00+00:00,1712976379,1872,173213,49.0,29.2,133.355,146.0,221.655
2024-04-13 02:48:00+00:00,1712976505,1872,173213,49.0,29.2,138.335,147.2,223.64
2024-04-13 02:50:00+00:00,1712976619,1872,173213,49.0,29.2,145.815,164.9,246.385
2024-04-13 02:52:00+00:00,1712976741,1872,173213,49.0,28.9,108.635,118.1,177.58
2024-04-13 02:54:00+00:00,1712976859,1872,173213,49.0,29.2,125.63,136.9,208.97
2024-04-13 02:56:00+00:00,1712976979,1872,173213,49.5,29.2,130.015,154.6,229.55
2024-04-13 02:58:00+00:00,1712977151,1872,173213,51.0,28.6,160.89,186.7,274.89
2024-04-13 03:00:00+00:00,1712977221,1872,173213,51.0,28.9,121.92,119.8,187.06
2024-04-13 03:02:00+00:00,1712977340,1872,173213,50.0,29.4,117.58,113.7,162.705
2024-04-13 03:04:00+00:00,1712977459,1872,173213,50.0,29.4,116.415,119.7,164.06
2024-04-13 03:06:00+00:00,1712977579,1872,173213,49.0,29.4,86.48,93.1,132.675
2024-04-13 03:08:00+00:00,1712977699,1872,173213,49.0,29.4,93.565,100.7,135.235
2024-04-13 03:10:00+00:00,1712977819,1872,173213,49.0,29.4,103.14,118.1,154.085
2024-04-13 03:12:00+00:00,1712977939,1872,173213,49.5,29.4,120.02,116.2,166.73
2024-04-13 03:14:00+00:00,1712978059,1872,173213,49.0,29.4,95.215,104.9,142.78
2024-04-13 03:16:00+00:00,1712978179,1872,173213,49.5,29.4,134.21,146.5,196.9
2024-04-13 03:18:00+00:00,1712978299,1872,173213,49.5,29.7,199.0,168.3,257.765
2024-04-13 03:20:00+00:00,1712978419,1872,173213,49.0,29.4,189.35,158.8,242.33
2024-04-13 03:22:00+00:00,1712978539,1872,173213,49.0,29.7,96.885,106.3,139.105
2024-04-13 03:24:00+00:00,1712978659,1872,173213,48.5,29.7,140.59,135.0,195.055
2024-04-13 03:26:00+00:00,1712978780,1872,173213,49.0,29.7,191.27,182.8,260.695
2024-04-13 03:28:00+00:00,1712978900,1872,173213,48.0,29.7,114.235,112.7,158.02
2024-04-13 03:30:00+00:00,1712979142,1872,173213,50.5,29.2,0.0,0.0,0.0
2024-04-13 03:32:00+00:00,1712979142,1872,173213,50.5,29.2,182.095,171.1,246.135
2024-04-13 03:34:00+00:00,1712979260,1872,173213,49.0,29.7,187.885,176.1,252.81
2024-04-13 03:36:00+00:00,1712979380,1872,173213,48.0,29.7,127.37,115.6,152.565
2024-04-13 03:38:00+00:00,1712979500,1872,173213,48.0,29.7,114.065,101.7,135.965
2024-04-13 03:40:00+00:00,1712979620,1872,173213,47.5,29.7,119.52,106.4,140.925
2024-04-13 03:42:00+00:00,1712979740,1872,173213,48.0,30.0,143.825,128.9,170.175
2024-04-13 03:44:00+00:00,1712979860,1872,173213,47.0,30.3,129.41,114.4,152.64
2024-04-13 03:46:00+00:00,1712979982,1872,173213,47.0,30.3,116.645,103.1,137.075
2024-04-13 03:48:00+00:00,1712980100,1872,173213,46.5,30.3,117.2,103.2,138.575
2024-04-13 03:50:00+00:00,1712980258,1872,173213,46.0,30.3,129.575,115.2,153.42
2024-04-13 03:52:00+00:00,1712980341,1872,173213,48.0,29.4,133.025,124.0,169.63
2024-04-13 03:54:00+00:00,1712980461,1872,173213,47.0,30.0,76.35,100.1,123.22
2024-04-13 03:56:00+00:00,1712980580,1872,173213,47.0,30.0,72.895,98.8,122.42
2024-04-13 03:58:00+00:00,1712980700,1872,173213,46.0,30.3,92.91,116.5,145.305
2024-04-13 04:00:00+00:00,1712980940,1872,173213,45.5,28.9,0.0,0.0,0.0
2024-04-13 04:02:00+00:00,1712980940,1872,173213,45.5,28.9,3.995,3.2,5.615
2024-04-13 04:04:00+00:00,1712981060,1872,173213,44.5,29.2,5.56,4.2,8.09
2024-04-13 04:06:00+00:00,1712981181,1872,173213,43.5,29.2,4.15,2.9,5.64
2024-04-13 04:08:00+00:00,1712981301,1872,173213,43.5,29.2,2.755,2.4,4.39
2024-04-13 04:10:00+00:00,1712981420,1872,173213,44.0,29.2,2.86,2.1,4.34
2024-04-13 04:12:00+00:00,1712981545,1872,173213,44.0,29.2,2.615,2.4,4.305
2024-04-13 04:14:00+00:00,1712981660,1872,173213,44.0,29.2,2.695,2.4,4.65
2024-04-13 04:16:00+00:00,1712981781,1872,173213,44.0,29.2,3.06,2.4,4.0
2024-04-13 04:18:00+00:00,1712981950,1872,173213,44.5,28.3,2.935,2.4,3.995
2024-04-13 04:20:00+00:00,1712982024,1872,173213,48.5,28.3,31.66,19.0,42.075
2024-04-13 04:22:00+00:00,1712982141,1872,173213,48.0,29.4,35.25,32.4,56.08
2024-04-13 04:24:00+00:00,1712982260,1872,173213,48.5,29.4,43.82,35.6,67.41
2024-04-13 04:26:00+00:00,1712982381,1872,173213,48.5,29.4,43.91,42.0,74.075
2024-04-13 04:28:00+00:00,1712982501,1872,173213,48.5,29.4,55.89,54.8,85.9
2024-04-13 04:30:00+00:00,1712982621,1872,173213,49.0,29.4,53.775,54.5,86.715
2024-04-13 04:32:00+00:00,1712982741,1872,173213,49.5,29.4,83.235,75.2,113.83
2024-04-13 04:34:00+00:00,1712982861,1872,173213,49.5,29.4,67.595,73.8,103.99
